100 [ 0.15128613  0.33084609  0.44023979  0.48523266  0.49925785  0.5027902
  0.50353877  0.50367603  0.50369827  0.5037015   0.50370192  0.50370197
  0.50370198  0.50370198  0.50370198  0.50370198  0.50370198  0.50370198
  0.50370198  0.50370198  0.50370198  0.50370198  0.50370198  0.50370198
  0.50370198  0.50370198  0.50370198  0.50370198  0.50370198  0.50370198
  0.50370198  0.50370198  0.50370198  0.50370198  0.50370198  0.50370198
  0.50370198  0.50370198  0.50370198  0.50370198  0.50370198  0.50370198
  0.50370198  0.50370198  0.50370198  0.50370198  0.50370198  0.50370198
  0.50370198  1.11561129]
201 [ 0.04970261  0.15803432  0.28714017  0.39176319  0.45592421  0.48759957
  0.50070149  0.50537033  0.50683332  0.5072428   0.50734645  0.50737042
  0.50737552  0.50737653  0.50737671  0.50737674  0.50737675  0.50737675
  0.50737675  0.50737675  0.50737675  0.50737675  0.50737675  0.50737675
  0.50737675  0.50737675  0.50737675  0.50737675  0.50737675  0.50737675
  0.50737675  0.50737675  0.50737675  0.50737675  0.50737675  0.50737675
  0.50737675  0.50737675  0.50737675  0.50737675  0.50737675  0.50737675
  0.50737675  0.50737675  0.50737675  0.50737675  0.50737675  0.50737675
  0.50737675  1.73574731]
302 [ 0.02022485  0.07192415  0.1593955   0.26366511  0.35855609  0.42820985
  0.47103621  0.49369701  0.5042264   0.50859012  0.51022315  0.51078055
  0.51095551  0.51100638  0.51102015  0.51102364  0.51102447  0.51102466
  0.5110247   0.51102471  0.51102471  0.51102471  0.51102471  0.51102471
  0.51102471  0.51102471  0.51102471  0.51102471  0.51102471  0.51102471
  0.51102471  0.51102471  0.51102471  0.51102471  0.51102471  0.51102471
  0.51102471  0.51102471  0.51102471  0.51102471  0.51102471  0.51102471
  0.51102471  0.51102471  0.51102471  0.51102471  0.51102471  0.51102471
  0.51102471  2.36037493]
403 [ 0.01168261  0.03655685  0.08550366  0.1599107   0.24855628  0.33447665
  0.40443686  0.45349737  0.48370499  0.50028559  0.50849805  0.51220532
  0.51374322  0.51433357  0.51454451  0.51461503  0.51463718  0.51464375
  0.51464559  0.51464608  0.51464621  0.51464624  0.51464624  0.51464625
  0.51464625  0.51464625  0.51464625  0.51464625  0.51464625  0.51464625
  0.51464625  0.51464625  0.51464625  0.51464625  0.51464625  0.51464625
  0.51464625  0.51464625  0.51464625  0.51464625  0.51464625  0.51464625
  0.51464625  0.51464625  0.51464625  0.51464625  0.51464625  0.51464625
  0.51464625  2.98946149]
504 [ 0.00920823  0.0233011   0.04976099  0.09527703  0.16046039  0.23804662
  0.31627179  0.3844259   0.43662853  0.47228443  0.49425831  0.50659642
  0.51295996  0.51599566  0.51734305  0.51790231  0.51812036  0.51820053
  0.51822842  0.51823763  0.51824053  0.5182414   0.51824165  0.51824171
  0.51824173  0.51824174  0.51824174  0.51824174  0.51824174  0.51824174
  0.51824174  0.51824174  0.51824174  0.51824174  0.51824174  0.51824174
  0.51824174  0.51824174  0.51824174  0.51824174  0.51824174  0.51824174
  0.51824174  0.51824174  0.51824174  0.51824174  0.51824174  0.51824174
  0.51824174  3.62297481]
605 [ 0.00849158  0.01859077  0.03420173  0.06084693  0.10307633  0.16127235
  0.23046615  0.30212697  0.36760748  0.42104824  0.46042472  0.48686233
  0.50316523  0.51246158  0.51739227  0.51983714  0.52097551  0.52147519
  0.52168267  0.52176442  0.52179507  0.52180603  0.52180978  0.52181101
  0.52181139  0.52181151  0.52181155  0.52181156  0.52181156  0.52181156
  0.52181156  0.52181156  0.52181156  0.52181156  0.52181156  0.52181156
  0.52181156  0.52181156  0.52181156  0.52181156  0.52181156  0.52181156
  0.52181156  0.52181156  0.52181156  0.52181156  0.52181156  0.52181156
  0.52181156  4.26088316]
706 [ 0.00828402  0.0169744   0.02788217  0.04430831  0.07049189  0.10974738
  0.1623996   0.22492641  0.29094473  0.35343565  0.40693691  0.44870966
  0.47867458  0.4985516   0.51081429  0.51788547  0.52171356  0.52366677
  0.5246093   0.52504078  0.5252287   0.52530674  0.52533773  0.52534951
  0.52535381  0.52535532  0.52535583  0.525356    0.52535605  0.52535607
  0.52535607  0.52535607  0.52535607  0.52535607  0.52535607  0.52535607
  0.52535607  0.52535607  0.52535607  0.52535607  0.52535607  0.52535607
  0.52535607  0.52535607  0.52535607  0.52535607  0.52535607  0.52535607
  0.52535607  4.90315528]
807 [ 0.00822391  0.01643325  0.02543821  0.03692505  0.05370738  0.0791283
  0.11573142  0.16383945  0.22089618  0.28201512  0.34145872  0.39428892
  0.43746925  0.47012084  0.49308672  0.50818486  0.51750238  0.52292097
  0.52590069  0.52745488  0.52822593  0.52859068  0.52875558  0.52882698
  0.52885664  0.52886848  0.52887303  0.52887472  0.52887532  0.52887553
  0.5288756   0.52887562  0.52887563  0.52887563  0.52887563  0.52887563
  0.52887563  0.52887563  0.52887563  0.52887563  0.52887563  0.52887563
  0.52887563  0.52887563  0.52887563  0.52887563  0.52887563  0.52887563
  0.52887563  5.54976034]
908 [ 0.0082065   0.01625537  0.02452696  0.03380404  0.04566713  0.06251099
  0.08703737  0.1212784   0.16557066  0.21803078  0.27485357  0.33131582
  0.38302245  0.42688012  0.46150238  0.48705494  0.50475909  0.51631765
  0.52345257  0.52762952  0.52995499  0.53118933  0.53181539  0.53211944
  0.53226111  0.53232454  0.53235188  0.53236324  0.5323678   0.53236956
  0.53237022  0.53237046  0.53237055  0.53237058  0.53237059  0.53237059
  0.53237059  0.53237059  0.53237059  0.53237059  0.53237059  0.53237059
  0.53237059  0.53237059  0.53237059  0.53237059  0.53237059  0.53237059
  0.53237059  6.20066794]
