100 [ 0.15128613  0.33084609  0.44023979  0.48523266  0.49925785  0.5027902
  0.50353877  0.50367603  0.50369827  0.5037015   0.50370192  0.50370197
  0.50370198  0.50370198  0.50370198  0.50370198  0.50370198  0.50370198
  0.50370198  0.50370198  0.50370198  0.50370198  0.50370198  0.50370198
  0.50370198  0.50370198  0.50370198  0.50370198  0.50370198  0.50370198
  0.50370198  0.50370198  0.50370198  0.50370198  0.50370198  0.50370198
  0.50370198  0.50370198  0.50370198  0.50370198  0.50370198  0.50370198
  0.50370198  0.50370198  0.50370198  0.50370198  0.50370198  0.50370198
  0.50370198  1.11561129]
201 [ 0.04970261  0.15803432  0.28714017  0.39176319  0.45592421  0.48759957
  0.50070149  0.50537033  0.50683332  0.5072428   0.50734645  0.50737042
  0.50737552  0.50737653  0.50737671  0.50737674  0.50737675  0.50737675
  0.50737675  0.50737675  0.50737675  0.50737675  0.50737675  0.50737675
  0.50737675  0.50737675  0.50737675  0.50737675  0.50737675  0.50737675
  0.50737675  0.50737675  0.50737675  0.50737675  0.50737675  0.50737675
  0.50737675  0.50737675  0.50737675  0.50737675  0.50737675  0.50737675
  0.50737675  0.50737675  0.50737675  0.50737675  0.50737675  0.50737675
  0.50737675  1.73574731]
302 [ 0.02022485  0.07192415  0.1593955   0.26366511  0.35855609  0.42820985
  0.47103621  0.49369701  0.5042264   0.50859012  0.51022315  0.51078055
  0.51095551  0.51100638  0.51102015  0.51102364  0.51102447  0.51102466
  0.5110247   0.51102471  0.51102471  0.51102471  0.51102471  0.51102471
  0.51102471  0.51102471  0.51102471  0.51102471  0.51102471  0.51102471
  0.51102471  0.51102471  0.51102471  0.51102471  0.51102471  0.51102471
  0.51102471  0.51102471  0.51102471  0.51102471  0.51102471  0.51102471
  0.51102471  0.51102471  0.51102471  0.51102471  0.51102471  0.51102471
  0.51102471  2.36037493]
403 [ 0.01168261  0.03655685  0.08550366  0.1599107   0.24855628  0.33447665
  0.40443686  0.45349737  0.48370499  0.50028559  0.50849805  0.51220532
  0.51374322  0.51433357  0.51454451  0.51461503  0.51463718  0.51464375
  0.51464559  0.51464608  0.51464621  0.51464624  0.51464624  0.51464625
  0.51464625  0.51464625  0.51464625  0.51464625  0.51464625  0.51464625
  0.51464625  0.51464625  0.51464625  0.51464625  0.51464625  0.51464625
  0.51464625  0.51464625  0.51464625  0.51464625  0.51464625  0.51464625
  0.51464625  0.51464625  0.51464625  0.51464625  0.51464625  0.51464625
  0.51464625  2.98946149]
504 [ 0.00920823  0.0233011   0.04976099  0.09527703  0.16046039  0.23804662
  0.31627179  0.3844259   0.43662853  0.47228443  0.49425831  0.50659642
  0.51295996  0.51599566  0.51734305  0.51790231  0.51812036  0.51820053
  0.51822842  0.51823763  0.51824053  0.5182414   0.51824165  0.51824171
  0.51824173  0.51824174  0.51824174  0.51824174  0.51824174  0.51824174
  0.51824174  0.51824174  0.51824174  0.51824174  0.51824174  0.51824174
  0.51824174  0.51824174  0.51824174  0.51824174  0.51824174  0.51824174
  0.51824174  0.51824174  0.51824174  0.51824174  0.51824174  0.51824174
  0.51824174  3.62297481]
605 [ 0.00849158  0.01859077  0.03420173  0.06084693  0.10307633  0.16127235
  0.23046615  0.30212697  0.36760748  0.42104824  0.46042472  0.48686233
  0.50316523  0.51246158  0.51739227  0.51983714  0.52097551  0.52147519
  0.52168267  0.52176442  0.52179507  0.52180603  0.52180978  0.52181101
  0.52181139  0.52181151  0.52181155  0.52181156  0.52181156  0.52181156
  0.52181156  0.52181156  0.52181156  0.52181156  0.52181156  0.52181156
  0.52181156  0.52181156  0.52181156  0.52181156  0.52181156  0.52181156
  0.52181156  0.52181156  0.52181156  0.52181156  0.52181156  0.52181156
  0.52181156  4.26088316]
706 [ 0.00828402  0.0169744   0.02788217  0.04430831  0.07049189  0.10974738
  0.1623996   0.22492641  0.29094473  0.35343565  0.40693691  0.44870966
  0.47867458  0.4985516   0.51081429  0.51788547  0.52171356  0.52366677
  0.5246093   0.52504078  0.5252287   0.52530674  0.52533773  0.52534951
  0.52535381  0.52535532  0.52535583  0.525356    0.52535605  0.52535607
  0.52535607  0.52535607  0.52535607  0.52535607  0.52535607  0.52535607
  0.52535607  0.52535607  0.52535607  0.52535607  0.52535607  0.52535607
  0.52535607  0.52535607  0.52535607  0.52535607  0.52535607  0.52535607
  0.52535607  4.90315528]
807 [ 0.00822391  0.01643325  0.02543821  0.03692505  0.05370738  0.0791283
  0.11573142  0.16383945  0.22089618  0.28201512  0.34145872  0.39428892
  0.43746925  0.47012084  0.49308672  0.50818486  0.51750238  0.52292097
  0.52590069  0.52745488  0.52822593  0.52859068  0.52875558  0.52882698
  0.52885664  0.52886848  0.52887303  0.52887472  0.52887532  0.52887553
  0.5288756   0.52887562  0.52887563  0.52887563  0.52887563  0.52887563
  0.52887563  0.52887563  0.52887563  0.52887563  0.52887563  0.52887563
  0.52887563  0.52887563  0.52887563  0.52887563  0.52887563  0.52887563
  0.52887563  5.54976034]
908 [ 0.0082065   0.01625537  0.02452696  0.03380404  0.04566713  0.06251099
  0.08703737  0.1212784   0.16557066  0.21803078  0.27485357  0.33131582
  0.38302245  0.42688012  0.46150238  0.48705494  0.50475909  0.51631765
  0.52345257  0.52762952  0.52995499  0.53118933  0.53181539  0.53211944
  0.53226111  0.53232454  0.53235188  0.53236324  0.5323678   0.53236956
  0.53237022  0.53237046  0.53237055  0.53237058  0.53237059  0.53237059
  0.53237059  0.53237059  0.53237059  0.53237059  0.53237059  0.53237059
  0.53237059  0.53237059  0.53237059  0.53237059  0.53237059  0.53237059
  0.53237059  6.20066794]
1009 [ 0.00820146  0.01619773  0.02419667  0.03253935  0.04202612  0.05410388
  0.07082092  0.09440732  0.12653849  0.16756678  0.21609272  0.26911479
  0.3227199   0.37302848  0.41702693  0.4530266   0.48068758  0.50071754
  0.51443117  0.52333511  0.52883245  0.53206795  0.53388737  0.53486693
  0.53537282  0.53562387  0.53574378  0.53579899  0.53582352  0.53583405
  0.53583843  0.53584019  0.53584088  0.53584114  0.53584124  0.53584127
  0.53584129  0.53584129  0.53584129  0.53584129  0.53584129  0.53584129
  0.53584129  0.53584129  0.53584129  0.53584129  0.53584129  0.53584129
  0.53584129  6.85584811]
1110 [ 0.0082      0.01617926  0.02407962  0.03204386  0.04044956  0.05008182
  0.06225091  0.07872143  0.10136772  0.13160583  0.16980103  0.21491065
  0.26454402  0.31544119  0.36419282  0.40793949  0.44483273  0.47416685
  0.4962237   0.5119525   0.52261792  0.5295116   0.53376844  0.53628486
  0.53771165  0.53848893  0.53889643  0.53910234  0.53920275  0.53925007
  0.53927164  0.53928117  0.53928525  0.53928695  0.53928763  0.5392879
  0.539288    0.53928804  0.53928806  0.53928806  0.53928806  0.53928806
  0.53928806  0.53928806  0.53928806  0.53928806  0.53928806  0.53928806
  0.53928806  7.5152713 ]
1211 [ 0.00819958  0.01617339  0.02403891  0.03185502  0.03979144  0.04824346
  0.05796292  0.07013112  0.08628023  0.10801005  0.13654138  0.17224827
  0.21435633  0.26094775  0.30929394  0.35640577  0.39961516  0.43701128
  0.46763316  0.49141959  0.50899084  0.52136375  0.52968692  0.53504653
  0.5383565   0.54032037  0.54144161  0.54205853  0.54238611  0.54255417
  0.54263759  0.5426777   0.54269639  0.54270484  0.54270855  0.54271014
  0.5427108   0.54271107  0.54271117  0.54271121  0.54271123  0.54271123
  0.54271124  0.54271124  0.54271124  0.54271124  0.54271124  0.54271124
  0.54271124  8.17890835]
1312 [  8.19945430e-03   1.61715460e-02   2.40249552e-02   3.17846723e-02
   3.95249630e-02   4.74345066e-02   5.59128126e-02   6.56695791e-02
   7.77688061e-02   9.35511882e-02   1.14400307e-01   1.41385512e-01
   1.74885543e-01   2.14330922e-01   2.58175470e-01   3.04126391e-01
   3.49566030e-01   3.92032472e-01   4.29618261e-01   4.61192740e-01
   4.86425200e-01   5.05649229e-01   5.19641799e-01   5.29391109e-01
   5.35905502e-01   5.40087114e-01   5.42669832e-01   5.44206990e-01
   5.45089803e-01   5.45579678e-01   5.45842637e-01   5.45979335e-01
   5.46048226e-01   5.46081918e-01   5.46097922e-01   5.46105312e-01
   5.46108633e-01   5.46110085e-01   5.46110705e-01   5.46110962e-01
   5.46111066e-01   5.46111108e-01   5.46111124e-01   5.46111130e-01
   5.46111132e-01   5.46111133e-01   5.46111133e-01   5.46111133e-01
   5.46111133e-01   8.84673050e+00]
1413 [  8.19941883e-03   1.61709678e-02   2.40202377e-02   3.17589727e-02
   3.94198101e-02   4.70897910e-02   5.49696087e-02   6.34538367e-02
   7.32065799e-02   8.51871220e-02   1.00577230e-01   1.20587032e-01
   1.46165400e-01   1.77692217e-01   2.14756441e-01   2.56107641e-01
   2.99813180e-01   3.43581849e-01   3.85159439e-01   4.22685342e-01
   4.54924552e-01   4.81339946e-01   5.02021464e-01   5.17522741e-01
   5.28665233e-01   5.36359271e-01   5.41470986e-01   5.44743327e-01
   5.46764610e-01   5.47970842e-01   5.48667130e-01   5.49056345e-01
   5.49267250e-01   5.49378145e-01   5.49434777e-01   5.49462891e-01
   5.49476469e-01   5.49482853e-01   5.49485779e-01   5.49487086e-01
   5.49487655e-01   5.49487898e-01   5.49487998e-01   5.49488039e-01
   5.49488055e-01   5.49488062e-01   5.49488064e-01   5.49488065e-01
   5.49488065e-01   9.51870941e+00]
1514 [  8.19940855e-03   1.61707879e-02   2.40186599e-02   3.17497384e-02
   3.93792228e-02   4.69468867e-02   5.45497262e-02   6.23948218e-02
   7.08658586e-02   8.05810841e-02   9.24071009e-02   1.07392664e-01
   1.26606504e-01   1.50899525e-01   1.80649824e-01   2.15570077e-01
   2.54647699e-01   2.96249707e-01   3.38370947e-01   3.78958727e-01
   4.16227139e-01   4.48886106e-01   4.76244899e-01   4.98190821e-01
   5.15075451e-01   5.27555143e-01   5.36429823e-01   5.42510675e-01
   5.46530704e-01   5.49098147e-01   5.50684132e-01   5.51632791e-01
   5.52182828e-01   5.52492264e-01   5.52661329e-01   5.52751115e-01
   5.52797504e-01   5.52820837e-01   5.52832273e-01   5.52837736e-01
   5.52840283e-01   5.52841443e-01   5.52841958e-01   5.52842182e-01
   5.52842277e-01   5.52842316e-01   5.52842333e-01   5.52842339e-01
   5.52842341e-01   1.01948171e+01]
1615 [  8.19940558e-03   1.61707322e-02   2.40181373e-02   3.17464677e-02
   3.93638537e-02   4.68890415e-02   5.43680704e-02   6.19052069e-02
   6.97095710e-02   7.81502989e-02   8.78012810e-02   9.94473826e-02
   1.14025101e-01   1.32486234e-01   1.55600502e-01   1.83741882e-01
   2.16720396e-01   2.53716448e-01   2.93347868e-01   3.33859864e-01
   3.73390796e-01   4.10246372e-01   4.43118154e-01   4.71205278e-01
   4.94229895e-01   5.12364896e-01   5.26108733e-01   5.36144864e-01
   5.43215646e-01   5.48027989e-01   5.51195721e-01   5.53214681e-01
   5.54461922e-01   5.55209480e-01   5.55644607e-01   5.55890781e-01
   5.56026263e-01   5.56098852e-01   5.56136743e-01   5.56156026e-01
   5.56165600e-01   5.56170239e-01   5.56172436e-01   5.56173452e-01
   5.56173912e-01   5.56174115e-01   5.56174204e-01   5.56174241e-01
   5.56174257e-01   1.08750259e+01]
1716 [  8.19940472e-03   1.61707150e-02   2.40179656e-02   3.17453238e-02
   3.93581306e-02   4.68661106e-02   5.42914196e-02   6.16853315e-02
   6.91570083e-02   7.69143625e-02   8.53099145e-02   9.48756153e-02
   1.06324288e-01   1.20496914e-01   1.38247346e-01   1.60276922e-01
   1.86953680e-01   2.18164677e-01   2.53248088e-01   2.91032804e-01
   3.29983125e-01   3.68415829e-01   4.04737547e-01   4.37648452e-01
   4.66272841e-01   4.90201045e-01   5.09450955e-01   5.24373921e-01
   5.35535823e-01   5.43600850e-01   5.49236736e-01   5.53049905e-01
   5.55550423e-01   5.57141247e-01   5.58124047e-01   5.58714167e-01
   5.59058839e-01   5.59254815e-01   5.59363370e-01   5.59421991e-01
   5.59452872e-01   5.59468753e-01   5.59476729e-01   5.59480644e-01
   5.59482523e-01   5.59483406e-01   5.59483811e-01   5.59483994e-01
   5.59484074e-01   1.15593086e+01]
1817 [  8.19940447e-03   1.61707097e-02   2.40179096e-02   3.17449281e-02
   3.93560307e-02   4.68571864e-02   5.42597821e-02   6.15890931e-02
   6.89005686e-02   7.63062603e-02   8.40105190e-02   9.23482687e-02
   1.01812353e-01   1.13052024e-01   1.26826366e-01   1.43906242e-01
   1.64934573e-01   1.90272070e-01   2.19866996e-01   2.53187329e-01
   2.89240412e-01   3.26682360e-01   3.63994892e-01   3.99689598e-01
   4.32494722e-01   4.61488063e-01   4.86157181e-01   5.06387845e-01
   5.22397218e-01   5.34636211e-01   5.43685392e-01   5.50163250e-01
   5.54657504e-01   5.57682407e-01   5.59659352e-01   5.60915054e-01
   5.61690850e-01   5.62157420e-01   5.62430768e-01   5.62586885e-01
   5.62673863e-01   5.62721163e-01   5.62746287e-01   5.62759327e-01
   5.62765946e-01   5.62769232e-01   5.62770829e-01   5.62771589e-01
   5.62771944e-01   1.22476382e+01]
1918 [  8.19940439e-03   1.61707081e-02   2.40178915e-02   3.17447926e-02
   3.93552703e-02   4.68537697e-02   5.42469775e-02   6.15479209e-02
   6.87846155e-02   7.60156797e-02   8.33544129e-02   9.09999513e-02
   9.92693683e-02   1.08619350e-01   1.19642935e-01   1.33028470e-01
   1.49475785e-01   1.69577268e-01   1.93685283e-01   2.21796830e-01
   2.53487245e-01   2.87915396e-01   3.23905475e-01   3.60090605e-01
   3.95087763e-01   4.27666976e-01   4.56882046e-01   4.82142700e-01
   5.03223968e-01   5.20222770e-01   5.33480326e-01   5.43491330e-01
   5.50817760e-01   5.56019187e-01   5.59604809e-01   5.62006934e-01
   5.63572150e-01   5.64564901e-01   5.65178261e-01   5.65547670e-01
   5.65764691e-01   5.65889136e-01   5.65958830e-01   5.65996972e-01
   5.66017382e-01   5.66028066e-01   5.66033540e-01   5.66036286e-01
   5.66037636e-01   1.29399877e+01]
2019 [  8.19940437e-03   1.61707076e-02   2.40178857e-02   3.17447466e-02
   3.93549981e-02   4.68524807e-02   5.42418852e-02   6.15306633e-02
   6.87333936e-02   7.58804121e-02   8.30325956e-02   9.03031810e-02
   9.78849739e-02   1.06077419e-01   1.15303947e-01   1.26107749e-01
   1.39115662e-01   1.54966150e-01   1.74207427e-01   1.97182767e-01
   2.23928000e-01   2.54107658e-01   2.87009751e-01   3.21605895e-01
   3.56667504e-01   3.90914940e-01   4.23169330e-01   4.52478157e-01
   4.78194445e-01   5.00002032e-01   5.17891763e-01   5.32102260e-01
   5.43042650e-01   5.51213622e-01   5.57139032e-01   5.61314815e-01
   5.64176930e-01   5.66086363e-01   5.67327190e-01   5.68113174e-01
   5.68598801e-01   5.68891656e-01   5.69064132e-01   5.69163392e-01
   5.69219244e-01   5.69249987e-01   5.69266548e-01   5.69275284e-01
   5.69279798e-01   1.36363291e+01]
2120 [  8.19940437e-03   1.61707074e-02   2.40178838e-02   3.17447311e-02
   3.93549018e-02   4.68520007e-02   5.42398918e-02   6.15235616e-02
   6.87112364e-02   7.58189105e-02   8.28788163e-02   8.99532904e-02
   9.71544839e-02   1.04668162e-01   1.12776664e-01   1.21872926e-01
   1.32455804e-01   1.45098310e-01   1.60385456e-01   1.78826473e-01
   2.00755037e-01   2.26237876e-01   2.55013903e-01   2.86481549e-01
   3.19741892e-01   3.53692209e-01   3.87152647e-01   4.19001426e-01
   4.48293411e-01   4.74342653e-01   4.96759332e-01   5.15442087e-01
   5.30535166e-01   5.42364405e-01   5.51366572e-01   5.58024030e-01
   5.62812408e-01   5.66164540e-01   5.68450274e-01   5.69969446e-01
   5.70954264e-01   5.71577351e-01   5.71962339e-01   5.72194776e-01
   5.72331978e-01   5.72411198e-01   5.72455965e-01   5.72480735e-01
   5.72494160e-01   1.43366316e+01]
2221 [  8.19940437e-03   1.61707074e-02   2.40178832e-02   3.17447259e-02
   3.93548680e-02   4.68518241e-02   5.42391226e-02   6.15206874e-02
   6.87018323e-02   7.57915381e-02   8.28070514e-02   8.97820932e-02
   9.67797784e-02   1.03910389e-01   1.11352242e-01   1.19371279e-01
   1.28332517e-01   1.38695252e-01   1.50985119e-01   1.65740227e-01
   1.83435120e-01   2.04393552e-01   2.28706759e-01   2.56175858e-01
   2.86293972e-01   3.18275998e-01   3.51133468e-01   3.83781718e-01
   4.15159537e-01   4.44339638e-01   4.70611821e-01   4.93528131e-01
   5.12908205e-01   5.28810740e-01   5.41482020e-01   5.51294054e-01
   5.58683586e-01   5.64100098e-01   5.67967165e-01   5.70658108e-01
   5.72484430e-01   5.73694126e-01   5.74476590e-01   5.74971121e-01
   5.75276686e-01   5.75461366e-01   5.75570602e-01   5.75633864e-01
   5.75669753e-01   1.50408550e+01]
2322 [  8.19940436e-03   1.61707074e-02   2.40178830e-02   3.17447242e-02
   3.93548562e-02   4.68517599e-02   5.42388296e-02   6.15195416e-02
   6.86979093e-02   7.57795897e-02   8.27742737e-02   8.97002846e-02
   9.65924542e-02   1.03514104e-01   1.10573064e-01   1.17940015e-01
   1.25865310e-01   1.34688420e-01   1.44833231e-01   1.56783448e-01
   1.71035743e-01   1.88033580e-01   2.08090608e-01   2.31317392e-01
   2.57567190e-01   2.86414529e-01   3.17174489e-01   3.48962128e-01
   3.80782791e-01   4.11637429e-01   4.40624450e-01   4.67021503e-01
   4.90336085e-01   5.10321150e-01   5.26958866e-01   5.40420739e-01
   5.51014638e-01   5.59129038e-01   5.65182613e-01   5.69584289e-01
   5.72705768e-01   5.74866061e-01   5.76326010e-01   5.77290031e-01
   5.77912331e-01   5.78305252e-01   5.78548037e-01   5.78694917e-01
   5.78781957e-01   1.57489385e+01]
2423 [  8.19940436e-03   1.61707074e-02   2.40178830e-02   3.17447236e-02
   3.93548521e-02   4.68517367e-02   5.42387193e-02   6.15190912e-02
   6.86962985e-02   7.57744657e-02   8.27595945e-02   8.96620265e-02
   9.65009824e-02   1.03312064e-01   1.10158331e-01   1.17144734e-01
   1.24434295e-01   1.32262634e-01   1.40945845e-01   1.50876014e-01
   1.62499555e-01   1.76276309e-01   1.92621711e-01   2.11839241e-01
   2.34054577e-01   2.59164748e-01   2.86814420e-01   3.16406945e-01
   3.47151060e-01   3.78136655e-01   4.08427037e-01   4.37152040e-01
   4.63587018e-01   4.87206685e-01   5.07708620e-01   5.25007398e-01
   5.39205200e-01   5.50547528e-01   5.59373211e-01   5.66066579e-01
   5.71017314e-01   5.74590806e-01   5.77109493e-01   5.78843951e-01
   5.80011570e-01   5.80780374e-01   5.81275741e-01   5.81588237e-01
   5.81781332e-01   1.64607770e+01]
2524 [  8.19940436e-03   1.61707074e-02   2.40178829e-02   3.17447234e-02
   3.93548508e-02   4.68517284e-02   5.42386783e-02   6.15189163e-02
   6.86956465e-02   7.57723038e-02   8.27531381e-02   8.96444859e-02
   9.64572691e-02   1.03211432e-01   1.09943046e-01   1.16714527e-01
   1.23627650e-01   1.30837869e-01   1.38566937e-01   1.47109546e-01
   1.56829136e-01   1.68138797e-01   1.81465455e-01   1.97199126e-01
   2.15633146e-01   2.36904859e-01   2.60948080e-01   2.87468008e-01
   3.15945860e-01   3.45675054e-01   3.75824485e-01   4.05518988e-01
   4.33923854e-01   4.60320078e-01   4.84159687e-01   5.05095136e-01
   5.22982044e-01   5.37859118e-01   5.49912143e-01   5.59430014e-01
   5.66760208e-01   5.72269363e-01   5.76312355e-01   5.79211143e-01
   5.81242859e-01   5.82635604e-01   5.83569850e-01   5.84183391e-01
   5.84578046e-01   1.71761813e+01]
2625 [  8.19940436e-03   1.61707074e-02   2.40178829e-02   3.17447234e-02
   3.93548503e-02   4.68517255e-02   5.42386631e-02   6.15188492e-02
   6.86953862e-02   7.57714052e-02   8.27503451e-02   8.96365892e-02
   9.64367899e-02   1.03162374e-01   1.09833844e-01   1.16487481e-01
   1.23184751e-01   1.30024061e-01   1.37153468e-01   1.44781712e-01
   1.53183870e-01   1.62697500e-01   1.73705788e-01   1.86606094e-01
   2.01765272e-01   2.19466606e-01   2.39856280e-01   2.62899032e-01
   2.88352388e-01   3.15766309e-01   3.44510710e-01   3.73828012e-01
   4.02903011e-01   4.30939135e-01   4.57229327e-01   4.81211521e-01
   5.02502238e-01   5.20906329e-01   5.36405056e-01   5.49127784e-01
   5.59314081e-01   5.67272990e-01   5.73345076e-01   5.77871033e-01
   5.81168687e-01   5.83518581e-01   5.85157128e-01   5.86275654e-01
   5.87023500e-01   1.78948179e+01]
2726 [  8.19940436e-03   1.61707074e-02   2.40178829e-02   3.17447233e-02
   3.93548501e-02   4.68517245e-02   5.42386576e-02   6.15188238e-02
   6.86952835e-02   7.57710368e-02   8.27491552e-02   8.96330935e-02
   9.64273701e-02   1.03138928e-01   1.09779621e-01   1.16370359e-01
   1.22947408e-01   1.29571047e-01   1.36336198e-01   1.43383749e-01
   1.50910253e-01   1.59172790e-01   1.68485466e-01   1.79204525e-01
   1.91700647e-01   2.06319487e-01   2.23334427e-01   2.42898167e-01
   2.65001429e-01   2.89447025e-01   3.15845661e-01   3.43636320e-01
   3.72129624e-01   4.00568254e-01   4.28195378e-01   4.54320826e-01
   4.78375682e-01   4.99948696e-01   5.18801612e-01   5.34864271e-01
   5.48213364e-01   5.59040465e-01   5.67615408e-01   5.74250398e-01
   5.79268814e-01   5.82981024e-01   5.85667936e-01   5.87571810e-01
   5.88893067e-01   1.86161251e+01]
2827 [  8.19940436e-03   1.61707074e-02   2.40178829e-02   3.17447233e-02
   3.93548501e-02   4.68517241e-02   5.42386556e-02   6.15188142e-02
   6.86952434e-02   7.57708877e-02   8.27486555e-02   8.96315700e-02
   9.64231103e-02   1.03127927e-01   1.09753224e-01   1.16311205e-01
   1.22823051e-01   1.29324823e-01   1.35875429e-01   1.42566254e-01
   1.49531282e-01   1.56955662e-01   1.65079946e-01   1.74196930e-01
   1.84638492e-01   1.96751139e-01   2.10861049e-01   2.27231887e-01
   2.46020961e-01   2.67240801e-01   2.90733447e-01   3.16163322e-01
   3.43031745e-01   3.70712434e-01   3.98503531e-01   4.25688704e-01
   4.51598455e-01   4.75663079e-01   4.97450740e-01   5.16687146e-01
   5.33256618e-01   5.47187200e-01   5.58624373e-01   5.67798688e-01
   5.74992369e-01   5.80508899e-01   5.84648217e-01   5.87688715e-01
   5.89876039e-01   1.93392128e+01]
2928 [  8.19940436e-03   1.61707074e-02   2.40178829e-02   3.17447233e-02
   3.93548501e-02   4.68517240e-02   5.42386549e-02   6.15188106e-02
   6.86952279e-02   7.57708280e-02   8.27484483e-02   8.96309156e-02
   9.64212141e-02   1.03122853e-01   1.09740607e-01   1.16281910e-01
   1.22759243e-01   1.29193932e-01   1.35621676e-01   1.42099878e-01
   1.48716379e-01   1.55598542e-01   1.62920858e-01   1.70908679e-01
   1.79835385e-01   1.90010744e-01   2.01759274e-01   2.15389198e-01
   2.31154687e-01   2.49216075e-01   2.69604164e-01   2.92194995e-01
   3.16700519e-01   3.42678303e-01   3.69560314e-01   3.96697511e-01
   4.23414162e-01   4.49064271e-01   4.73082357e-01   4.95022276e-01
   5.14580166e-01   5.31600503e-01   5.46066856e-01   5.58080948e-01
   5.67834557e-01   5.75578919e-01   5.81595566e-01   5.86171413e-01
   5.89579667e-01   2.00627577e+01]
3029 [  8.19940436e-03   1.61707074e-02   2.40178829e-02   3.17447233e-02
   3.93548500e-02   4.68517239e-02   5.42386546e-02   6.15188093e-02
   6.86952220e-02   7.57708044e-02   8.27483635e-02   8.96306383e-02
   9.64203823e-02   1.03120549e-01   1.09734679e-01   1.16267666e-01
   1.22727135e-01   1.29125776e-01   1.35484953e-01   1.41839873e-01
   1.48246334e-01   1.54788667e-01   1.61587905e-01   1.68808588e-01
   1.76662062e-01   1.85403977e-01   1.95323972e-01   2.06726497e-01
   2.19903170e-01   2.35098906e-01   2.52475771e-01   2.72079827e-01
   2.93816597e-01   3.17440107e-01   3.42558663e-01   3.68657912e-01
   3.95138866e-01   4.21365986e-01   4.46718811e-01   4.70640191e-01
   4.92675110e-01   5.12495997e-01   5.29912865e-01   5.44869028e-01
   5.57425089e-01   5.67735048e-01   5.76018689e-01   5.82534028e-01
   5.87552756e-01   2.07849149e+01]
3130 [  8.19940436e-03   1.61707074e-02   2.40178829e-02   3.17447233e-02
   3.93548500e-02   4.68517239e-02   5.42386545e-02   6.15188088e-02
   6.86952198e-02   7.57707952e-02   8.27483292e-02   8.96305222e-02
   9.64200225e-02   1.03119518e-01   1.09731938e-01   1.16260857e-01
   1.22711270e-01   1.29090966e-01   1.35412776e-01   1.41698008e-01
   1.47981272e-01   1.54316694e-01   1.60785150e-01   1.67501650e-01
   1.74621432e-01   1.82342926e-01   1.90905549e-01   2.00580564e-01
   2.11654042e-01   2.24402205e-01   2.39060968e-01   2.55793060e-01
   2.74657241e-01   2.95584590e-01   3.18366400e-01   3.42656738e-01
   3.67990647e-01   3.93816381e-01   4.19537799e-01   4.44561353e-01
   4.68341541e-01   4.90419152e-01   5.10448172e-01   5.28209200e-01
   5.43609463e-01   5.56671302e-01   5.67512320e-01   5.76320847e-01
   5.83330290e-01   2.15032717e+01]
3231 [  8.19940436e-03   1.61707074e-02   2.40178829e-02   3.17447233e-02
   3.93548500e-02   4.68517239e-02   5.42386545e-02   6.15188087e-02
   6.86952190e-02   7.57707916e-02   8.27483155e-02   8.96304742e-02
   9.64198688e-02   1.03119064e-01   1.09730690e-01   1.16257654e-01
   1.22703564e-01   1.29073506e-01   1.35375395e-01   1.41622148e-01
   1.47834936e-01   1.54047683e-01   1.60312804e-01   1.66707803e-01
   1.73341957e-01   1.80361819e-01   1.87953888e-01   1.96342685e-01
   2.05782648e-01   2.16542973e-01   2.28885564e-01   2.43037607e-01
   2.59161615e-01   2.77326853e-01   2.97486556e-01   3.19465022e-01
   3.42957590e-01   3.67544698e-01   3.92719040e-01   4.17922783e-01
   4.42590138e-01   4.66189886e-01   4.88262614e-01   5.08448555e-01
   5.26503590e-01   5.42302916e-01   5.55833592e-01   5.67178506e-01
   5.76494938e-01   2.22148678e+01]
3332 [  8.19940436e-03   1.61707074e-02   2.40178829e-02   3.17447233e-02
   3.93548500e-02   4.68517239e-02   5.42386545e-02   6.15188086e-02
   6.86952187e-02   7.57707903e-02   8.27483100e-02   8.96304546e-02
   9.64198039e-02   1.03118866e-01   1.09730129e-01   1.16256170e-01
   1.22699880e-01   1.29064895e-01   1.35356380e-01   1.41582344e-01
   1.47755736e-01   1.53897518e-01   1.60040866e-01   1.66236463e-01
   1.72558532e-01   1.79110911e-01   1.86032035e-01   1.93497370e-01
   2.01717738e-01   2.10932133e-01   2.21394210e-01   2.33352535e-01
   2.47025839e-01   2.62575693e-01   2.80080001e-01   2.99511183e-01
   3.20722781e-01   3.43447346e-01   3.67306985e-01   3.91836084e-01
   4.16513816e-01   4.40802558e-01   4.64187430e-01   4.86212188e-01
   5.06507469e-01   5.24808759e-01   5.40963122e-01   5.54925370e-01
   5.66745586e-01   2.29162958e+01]
3433 [  8.19940436e-03   1.61707074e-02   2.40178829e-02   3.17447233e-02
   3.93548500e-02   4.68517239e-02   5.42386545e-02   6.15188086e-02
   6.86952185e-02   7.57707897e-02   8.27483079e-02   8.96304466e-02
   9.64197769e-02   1.03118781e-01   1.09729880e-01   1.16255492e-01
   1.22698145e-01   1.29060717e-01   1.35346869e-01   1.41561826e-01
   1.47713666e-01   1.53815321e-01   1.59887485e-01   1.65962534e-01
   1.72089417e-01   1.78339179e-01   1.84810504e-01   1.91634236e-01
   1.98975621e-01   2.07032860e-01   2.16030737e-01   2.26208560e-01
   2.37802440e-01   2.51022931e-01   2.66030075e-01   2.82908808e-01
   3.01648152e-01   3.22127552e-01   3.44113107e-01   3.67265144e-01
   3.91157058e-01   4.15303587e-01   4.39195323e-01   4.62335281e-01
   4.84273214e-01   5.04633820e-01   5.23136133e-01   5.39602795e-01
   5.53959396e-01   2.36038840e+01]
3534 [  8.19940436e-03   1.61707074e-02   2.40178829e-02   3.17447233e-02
   3.93548500e-02   4.68517239e-02   5.42386545e-02   6.15188086e-02
   6.86952185e-02   7.57707895e-02   8.27483070e-02   8.96304435e-02
   9.64197657e-02   1.03118745e-01   1.09729771e-01   1.16255186e-01
   1.22697340e-01   1.29058719e-01   1.35342187e-01   1.41551426e-01
   1.47691710e-01   1.53771152e-01   1.59802628e-01   1.65806514e-01
   1.71814351e-01   1.77873360e-01   1.84051524e-01   1.90442639e-01
   1.97170454e-01   2.04390734e-01   2.12290030e-01   2.21080019e-01
   2.30986735e-01   2.42234641e-01   2.55026387e-01   2.69520008e-01
   2.85806101e-01   3.03888025e-01   3.23668174e-01   3.44942879e-01
   3.67407497e-01   3.90671845e-01   4.14284686e-01   4.37764591e-01
   4.60633614e-01   4.82449840e-01   5.02835217e-01   5.21495911e-01
   5.38233632e-01   2.42739431e+01]
3635 [  8.19940436e-03   1.61707074e-02   2.40178829e-02   3.17447233e-02
   3.93548500e-02   4.68517239e-02   5.42386545e-02   6.15188086e-02
   6.86952185e-02   7.57707895e-02   8.27483067e-02   8.96304422e-02
   9.64197611e-02   1.03118730e-01   1.09729724e-01   1.16255050e-01
   1.22696971e-01   1.29057777e-01   1.35339916e-01   1.41546237e-01
   1.47680439e-01   1.53747828e-01   1.59756530e-01   1.65719326e-01
   1.71656233e-01   1.77597931e-01   1.83589936e-01   1.89697279e-01
   1.96009134e-01   2.02642607e-01   2.09744661e-01   2.17491068e-01
   2.26081397e-01   2.35729370e-01   2.46648535e-01   2.59033918e-01
   2.73041157e-01   2.88765331e-01   3.06222162e-01   3.25334360e-01
   3.45925503e-01   3.67723021e-01   3.90370683e-01   4.13449674e-01
   4.36506094e-01   4.59081810e-01   4.80745153e-01   5.01118089e-01
   5.19897141e-01   2.49230475e+01]
3736 [  8.19940436e-03   1.61707074e-02   2.40178829e-02   3.17447233e-02
   3.93548500e-02   4.68517239e-02   5.42386545e-02   6.15188086e-02
   6.86952185e-02   7.57707894e-02   8.27483066e-02   8.96304417e-02
   9.64197593e-02   1.03118723e-01   1.09729704e-01   1.16254990e-01
   1.22696804e-01   1.29057339e-01   1.35338830e-01   1.41543686e-01
   1.47674744e-01   1.53735712e-01   1.59731916e-01   1.65671471e-01
   1.71567030e-01   1.77438220e-01   1.83314841e-01   1.89240735e-01
   1.95278097e-01   2.01511727e-01   2.08052511e-01   2.15039227e-01
   2.22637662e-01   2.31036169e-01   2.40437036e-01   2.51043565e-01
   2.63043430e-01   2.76589563e-01   2.91780515e-01   3.08642638e-01
   3.27116622e-01   3.47050589e-01   3.68201319e-01   3.90244180e-01
   4.12791152e-01   4.35415231e-01   4.57678580e-01   4.79161313e-01
   4.99487793e-01   2.55483083e+01]
3837 [  8.19940436e-03   1.61707074e-02   2.40178829e-02   3.17447233e-02
   3.93548500e-02   4.68517239e-02   5.42386545e-02   6.15188086e-02
   6.86952185e-02   7.57707894e-02   8.27483065e-02   8.96304415e-02
   9.64197585e-02   1.03118721e-01   1.09729696e-01   1.16254964e-01
   1.22696729e-01   1.29057138e-01   1.35338318e-01   1.41542450e-01
   1.47671909e-01   1.53729516e-01   1.59718986e-01   1.65645650e-01
   1.71517591e-01   1.77347305e-01   1.83154006e-01   1.88966602e-01
   1.94827298e-01   2.00795570e-01   2.06952078e-01   2.13401884e-01
   2.20276141e-01   2.27731373e-01   2.35945530e-01   2.45110251e-01
   2.55419212e-01   2.67053002e-01   2.80161606e-01   2.94846172e-01
   3.11142171e-01   3.29006191e-01   3.48308455e-01   3.68832588e-01
   3.90283319e-01   4.12301798e-01   4.34487152e-01   4.56422072e-01
   4.77699667e-01   2.61475998e+01]
3938 [  8.19940436e-03   1.61707074e-02   2.40178829e-02   3.17447233e-02
   3.93548500e-02   4.68517239e-02   5.42386545e-02   6.15188086e-02
   6.86952185e-02   7.57707894e-02   8.27483065e-02   8.96304414e-02
   9.64197582e-02   1.03118720e-01   1.09729692e-01   1.16254953e-01
   1.22696696e-01   1.29057047e-01   1.35338080e-01   1.41541859e-01
   1.47670517e-01   1.53726394e-01   1.59712298e-01   1.65631940e-01
   1.71490648e-01   1.77296451e-01   1.83061667e-01   1.88805072e-01
   1.94554686e-01   2.00351115e-01   2.06251228e-01   2.12331774e-01
   2.18692352e-01   2.25457010e-01   2.32773659e-01   2.40810582e-01
   2.49749490e-01   2.59774999e-01   2.71060877e-01   2.83753968e-01
   2.97957279e-01   3.13714065e-01   3.30994959e-01   3.49690080e-01
   3.69607586e-01   3.90479460e-01   4.11974409e-01   4.33716831e-01
   4.55309968e-01   2.67197076e+01]
4039 [  8.19940436e-03   1.61707074e-02   2.40178829e-02   3.17447233e-02
   3.93548500e-02   4.68517239e-02   5.42386545e-02   6.15188086e-02
   6.86952185e-02   7.57707894e-02   8.27483065e-02   8.96304414e-02
   9.64197581e-02   1.03118719e-01   1.09729691e-01   1.16254948e-01
   1.22696682e-01   1.29057006e-01   1.35337970e-01   1.41541580e-01
   1.47669843e-01   1.53724843e-01   1.59708889e-01   1.65624772e-01
   1.71476197e-01   1.77268473e-01   1.83009562e-01   1.88711583e-01
   1.94392859e-01   2.00080524e-01   2.05813628e-01   2.11646550e-01
   2.17652336e-01   2.23925463e-01   2.30583345e-01   2.37765879e-01
   2.45632348e-01   2.54355191e-01   2.64110489e-01   2.75065441e-01
   2.87363612e-01   3.01109226e-01   3.16352152e-01   3.33075420e-01
   3.51187048e-01   3.70517604e-01   3.90824335e-01   4.11801933e-01
   4.33099126e-01   2.72643806e+01]
4140 [  8.19940436e-03   1.61707074e-02   2.40178829e-02   3.17447233e-02
   3.93548500e-02   4.68517239e-02   5.42386545e-02   6.15188086e-02
   6.86952185e-02   7.57707894e-02   8.27483065e-02   8.96304414e-02
   9.64197581e-02   1.03118719e-01   1.09729690e-01   1.16254946e-01
   1.22696676e-01   1.29056988e-01   1.35337920e-01   1.41541450e-01
   1.47669521e-01   1.53724082e-01   1.59707176e-01   1.65621079e-01
   1.71468564e-01   1.77253324e-01   1.82980639e-01   1.88658389e-01
   1.94298476e-01   1.99918761e-01   2.05545497e-01   2.11216230e-01
   2.16982955e-01   2.22915218e-01   2.29102684e-01   2.35656572e-01
   2.42709307e-01   2.50411782e-01   2.58927764e-01   2.68425283e-01
   2.79065219e-01   2.90987751e-01   3.04297774e-01   3.19050745e-01
   3.35240618e-01   3.52791506e-01   3.71554433e-01   3.91310047e-01
   4.11777486e-01   2.77822887e+01]
4241 [  8.19940436e-03   1.61707074e-02   2.40178829e-02   3.17447233e-02
   3.93548500e-02   4.68517239e-02   5.42386545e-02   6.15188086e-02
   6.86952185e-02   7.57707894e-02   8.27483065e-02   8.96304414e-02
   9.64197581e-02   1.03118719e-01   1.09729690e-01   1.16254945e-01
   1.22696673e-01   1.29056980e-01   1.35337898e-01   1.41541390e-01
   1.47669368e-01   1.53723714e-01   1.59706326e-01   1.65619202e-01
   1.71464590e-01   1.77245243e-01   1.82964834e-01   1.88628608e-01
   1.94244346e-01   1.99823723e-01   2.05384129e-01   2.10950949e-01
   2.16560271e-01   2.22261813e-01   2.28121812e-01   2.34225413e-01
   2.40678038e-01   2.47605140e-01   2.55149778e-01   2.63467595e-01
   2.72719020e-01   2.83058856e-01   2.94623824e-01   3.07519023e-01
   3.21804595e-01   3.37484103e-01   3.54496122e-01   3.72710340e-01
   3.91929055e-01   2.82748995e+01]
4342 [  8.19940436e-03   1.61707074e-02   2.40178829e-02   3.17447233e-02
   3.93548500e-02   4.68517239e-02   5.42386545e-02   6.15188086e-02
   6.86952185e-02   7.57707894e-02   8.27483065e-02   8.96304414e-02
   9.64197581e-02   1.03118719e-01   1.09729690e-01   1.16254945e-01
   1.22696672e-01   1.29056976e-01   1.35337888e-01   1.41541363e-01
   1.47669297e-01   1.53723538e-01   1.59705909e-01   1.65618260e-01
   1.71462549e-01   1.77240994e-01   1.82956324e-01   1.88612191e-01
   1.94213794e-01   1.99768805e-01   2.05288660e-01   2.10790273e-01
   2.16298180e-01   2.21847053e-01   2.27484444e-01   2.33273454e-01
   2.39294981e-01   2.45649019e-01   2.52454504e-01   2.59847173e-01
   2.67975048e-01   2.76991374e-01   2.87045112e-01   2.98269481e-01
   3.10769382e-01   3.24608850e-01   3.39799885e-01   3.56294046e-01
   3.73978037e-01   2.87443003e+01]
4443 [  8.19940436e-03   1.61707074e-02   2.40178829e-02   3.17447233e-02
   3.93548500e-02   4.68517239e-02   5.42386545e-02   6.15188086e-02
   6.86952185e-02   7.57707894e-02   8.27483065e-02   8.96304414e-02
   9.64197581e-02   1.03118719e-01   1.09729690e-01   1.16254945e-01
   1.22696671e-01   1.29056975e-01   1.35337883e-01   1.41541350e-01
   1.47669264e-01   1.53723455e-01   1.59705708e-01   1.65617794e-01
   1.71461515e-01   1.77238790e-01   1.82951807e-01   1.88603274e-01
   1.94196812e-01   1.99737567e-01   2.05233094e-01   2.10694581e-01
   2.16138465e-01   2.21588447e-01   2.27077839e-01   2.32652118e-01
   2.38371425e-01   2.44312657e-01   2.50570725e-01   2.57258464e-01
   2.64504757e-01   2.72450472e-01   2.81242056e-01   2.91022852e-01
   3.01922558e-01   3.14045539e-01   3.27459023e-01   3.42182400e-01
   3.58178875e-01   2.91929937e+01]
4544 [  8.19940436e-03   1.61707074e-02   2.40178829e-02   3.17447233e-02
   3.93548500e-02   4.68517239e-02   5.42386545e-02   6.15188086e-02
   6.86952185e-02   7.57707894e-02   8.27483065e-02   8.96304414e-02
   9.64197581e-02   1.03118719e-01   1.09729690e-01   1.16254944e-01
   1.22696671e-01   1.29056974e-01   1.35337881e-01   1.41541345e-01
   1.47669249e-01   1.53723416e-01   1.59705612e-01   1.65617566e-01
   1.71460997e-01   1.77237662e-01   1.82949442e-01   1.88598498e-01
   1.94187509e-01   1.99720066e-01   2.05201254e-01   2.10638501e-01
   2.16042741e-01   2.21429937e-01   2.26822972e-01   2.32253847e-01
   2.37766063e-01   2.43416954e-01   2.49279656e-01   2.55444306e-01
   2.62018028e-01   2.69123280e-01   2.76894202e-01   2.85470805e-01
   2.94991037e-01   3.05581068e-01   3.17344439e-01   3.30350961e-01
   3.44626474e-01   2.96236937e+01]
4645 [  8.19940436e-03   1.61707074e-02   2.40178829e-02   3.17447233e-02
   3.93548500e-02   4.68517239e-02   5.42386545e-02   6.15188086e-02
   6.86952185e-02   7.57707894e-02   8.27483065e-02   8.96304414e-02
   9.64197580e-02   1.03118719e-01   1.09729690e-01   1.16254944e-01
   1.22696671e-01   1.29056974e-01   1.35337880e-01   1.41541342e-01
   1.47669242e-01   1.53723398e-01   1.59705566e-01   1.65617456e-01
   1.71460741e-01   1.77237091e-01   1.82948220e-01   1.88595975e-01
   1.94182484e-01   1.99710401e-01   2.05183279e-01   2.10606138e-01
   2.15986272e-01   2.21334356e-01   2.26665883e-01   2.32002937e-01
   2.37376257e-01   2.42827459e-01   2.48411221e-01   2.54197136e-01
   2.60270857e-01   2.66734152e-01   2.73703450e-01   2.81306560e-01
   2.89677395e-01   2.98948714e-01   3.09243179e-01   3.20663261e-01
   3.33280814e-01   3.00391440e+01]
4746 [  8.19940436e-03   1.61707074e-02   2.40178829e-02   3.17447233e-02
   3.93548500e-02   4.68517239e-02   5.42386545e-02   6.15188086e-02
   6.86952185e-02   7.57707894e-02   8.27483065e-02   8.96304414e-02
   9.64197580e-02   1.03118719e-01   1.09729690e-01   1.16254944e-01
   1.22696671e-01   1.29056974e-01   1.35337880e-01   1.41541341e-01
   1.47669239e-01   1.53723390e-01   1.59705545e-01   1.65617403e-01
   1.71460616e-01   1.77236806e-01   1.82947596e-01   1.88594658e-01
   1.94179806e-01   1.99705137e-01   2.05173276e-01   2.10587735e-01
   2.15953464e-01   2.21277617e-01   2.26570608e-01   2.31847461e-01
   2.37129488e-01   2.42446209e-01   2.47837447e-01   2.53355363e-01
   2.59066207e-01   2.65051422e-01   2.71407746e-01   2.78245944e-01
   2.85687861e-01   2.93861626e-01   3.02895016e-01   3.12907207e-01
   3.23999399e-01   3.04419725e+01]
4847 [  8.19940436e-03   1.61707074e-02   2.40178829e-02   3.17447233e-02
   3.93548500e-02   4.68517239e-02   5.42386545e-02   6.15188086e-02
   6.86952185e-02   7.57707894e-02   8.27483065e-02   8.96304414e-02
   9.64197580e-02   1.03118719e-01   1.09729690e-01   1.16254944e-01
   1.22696671e-01   1.29056974e-01   1.35337880e-01   1.41541341e-01
   1.47669238e-01   1.53723386e-01   1.59705535e-01   1.65617378e-01
   1.71460556e-01   1.77236666e-01   1.82947281e-01   1.88593980e-01
   1.94178396e-01   1.99702308e-01   2.05167785e-01   2.10577418e-01
   2.15934678e-01   2.21244438e-01   2.26513709e-01   2.31752639e-01
   2.36975796e-01   2.42203735e-01   2.47464810e-01   2.52797128e-01
   2.58250471e-01   2.63887933e-01   2.69786998e-01   2.76039676e-01
   2.82751408e-01   2.90038410e-01   2.98023327e-01   3.06829146e-01
   3.16571600e-01   3.08345863e+01]
4948 [  8.19940436e-03   1.61707074e-02   2.40178829e-02   3.17447233e-02
   3.93548500e-02   4.68517239e-02   5.42386545e-02   6.15188086e-02
   6.86952185e-02   7.57707894e-02   8.27483065e-02   8.96304414e-02
   9.64197580e-02   1.03118719e-01   1.09729690e-01   1.16254944e-01
   1.22696671e-01   1.29056974e-01   1.35337880e-01   1.41541341e-01
   1.47669237e-01   1.53723384e-01   1.59705530e-01   1.65617366e-01
   1.71460527e-01   1.77236597e-01   1.82947124e-01   1.88593635e-01
   1.94177664e-01   1.99700807e-01   2.05164810e-01   2.10571711e-01
   2.15924071e-01   2.21225313e-01   2.26480228e-01   2.31695684e-01
   2.36881562e-01   2.42051978e-01   2.47226755e-01   2.52433126e-01
   2.57707565e-01   2.63097594e-01   2.68663335e-01   2.74478538e-01
   2.80630771e-01   2.87220458e-01   2.94358508e-01   3.02162352e-01
   3.10750381e-01   3.12191087e+01]
