0.5 1035.99 1.0 0.601084 0.1 0.002 6.01084e-05 6.010838603793057e-05
1.5 1035.89 1.0 0.601084 0.2 0.002 6.01084e-05 6.010838603793057e-05
2.5 1035.69 1.0 0.601084 0.3 0.002 6.010839999999999e-05 6.010838603793057e-05
3.5 1035.39 1.0 0.601084 0.4 0.002 6.0108400000000016e-05 6.010838603793057e-05
4.5 1034.99 1.0 0.601084 0.5 0.002 6.010839999999999e-05 6.010838603793057e-05
5.5 1034.49 1.0 0.601084 0.6 0.002 6.010839999999999e-05 6.010838603793057e-05
6.5 1033.89 1.0 0.601084 0.7 0.002 6.010839999999999e-05 6.010838603793057e-05
7.5 1033.19 1.0 0.601084 0.8 0.002 6.010840000000004e-05 6.010838603793057e-05
8.5 1032.39 1.0 0.601084 0.9 0.002 6.010840000000004e-05 6.010838603793057e-05
9.5 1031.49 1.0 0.601084 1.0 0.002 6.0108399999999934e-05 6.010838603793057e-05
10.5 1030.49 1.0 0.601084 1.1 0.002 6.010840000000004e-05 6.010838603793057e-05
11.5 1029.39 1.0 0.601084 1.2 0.002 6.0108399999999934e-05 6.010838603793057e-05
12.5 1028.19 1.0 0.601084 1.3 0.002 6.010840000000004e-05 6.010838603793057e-05
13.5 1026.89 1.0 0.601084 1.4 0.002 6.0108399999999934e-05 6.010838603793057e-05
14.5 1025.49 1.0 0.601084 1.5 0.002 6.010840000000004e-05 6.010838603793057e-05
15.5 1023.99 1.0 0.601084 1.6 0.002 6.010840000000004e-05 6.010838603793057e-05
16.5 1022.39 1.0 0.601084 1.7 0.002 6.0108399999999826e-05 6.010838603793057e-05
17.5 1020.69 1.0 0.601084 1.8 0.002 6.010840000000026e-05 6.010838603793057e-05
18.5 1018.89 1.0 0.601084 1.9 0.002 6.0108399999999826e-05 6.010838603793057e-05
19.5 1016.99 1.0 0.601084 2.0 0.002 6.010840000000004e-05 6.010838603793057e-05
20.5 1014.99 1.0 0.601084 2.1 0.002 6.010840000000004e-05 6.010838603793057e-05
21.5 1012.89 1.0 0.601084 2.2 0.002 6.010840000000004e-05 6.010838603793057e-05
22.5 1010.69 1.0 0.601084 2.3 0.002 6.0108399999999826e-05 6.010838603793057e-05
23.5 1008.39 1.0 0.601084 2.4 0.002 6.010840000000004e-05 6.010838603793057e-05
24.5 1005.99 1.0 0.601084 2.5 0.002 6.010840000000004e-05 6.010838603793057e-05
25.5 1003.49 1.0 0.601084 2.6 0.002 6.010840000000004e-05 6.010838603793057e-05
26.5 1000.89 1.0 0.601084 2.704 0.002 6.251273600000012e-05 6.010838603793057e-05
27.5 998.186 1.0 0.601084 2.8 0.002 5.7704063999999746e-05 6.010838603793057e-05
28.5 995.386 1.0 0.601084 2.9 0.002 6.010840000000004e-05 6.010838603793057e-05
29.5 992.486 1.0 0.601084 3.0 0.002 6.010840000000004e-05 6.010838603793057e-05
0.5 1028.47 1.0 0.601084 0.1 0.002 6.01084e-05 6.010838603793057e-05
1.5 1028.37 1.0 0.601084 0.2 0.002 6.01084e-05 6.010838603793057e-05
2.5 1028.17 1.0 0.601084 0.3 0.002 6.010839999999999e-05 6.010838603793057e-05
3.5 1027.87 1.0 0.601084 0.4 0.002 6.0108400000000016e-05 6.010838603793057e-05
4.5 1027.47 1.0 0.601084 0.5 0.002 6.010839999999999e-05 6.010838603793057e-05
5.5 1026.97 1.0 0.601084 0.6 0.002 6.010839999999999e-05 6.010838603793057e-05
6.5 1026.37 1.0 0.601084 0.7 0.002 6.010839999999999e-05 6.010838603793057e-05
7.5 1025.67 1.0 0.601084 0.8 0.002 6.010840000000004e-05 6.010838603793057e-05
8.5 1024.87 1.0 0.601084 0.9 0.002 6.010840000000004e-05 6.010838603793057e-05
9.5 1023.97 1.0 0.601084 1.0 0.002 6.0108399999999934e-05 6.010838603793057e-05
10.5 1022.97 1.0 0.601084 1.1 0.002 6.010840000000004e-05 6.010838603793057e-05
11.5 1021.87 1.0 0.601084 1.2 0.002 6.0108399999999934e-05 6.010838603793057e-05
12.5 1020.67 1.0 0.601084 1.3 0.002 6.010840000000004e-05 6.010838603793057e-05
13.5 1019.37 1.0 0.601084 1.4 0.002 6.0108399999999934e-05 6.010838603793057e-05
14.5 1017.97 1.0 0.601084 1.5 0.002 6.010840000000004e-05 6.010838603793057e-05
15.5 1016.47 1.0 0.601084 1.6 0.002 6.010840000000004e-05 6.010838603793057e-05
16.5 1014.87 1.0 0.601084 1.7 0.002 6.0108399999999826e-05 6.010838603793057e-05
17.5 1013.17 1.0 0.601085 1.8 0.002 6.011020000000022e-05 6.010826582127872e-05
18.5 1011.37 1.0 0.601088 1.9 0.002 6.011419999999985e-05 6.0107905172765734e-05
19.5 1009.47 1.0 0.601074 2.0 0.002 6.008080000000017e-05 6.010958821767309e-05
20.5 1007.47 1.0 0.601024 2.1 0.002 6.000239999999989e-05 6.011559947705282e-05
21.5 1005.37 1.0 0.601076 2.2 0.002 6.021680000000036e-05 6.010934777980108e-05
22.5 1003.17 1.0 0.601669 2.29 0.002 5.545480999999972e-05 6.003810035141064e-05
23.5 1000.88 1.0 0.602452 2.403 0.002 6.987014599999994e-05 5.9944154265244914e-05
24.5 998.477 1.0 0.599384 2.54 0.002 7.4743204e-05 6.031310237101575e-05
25.5 995.937 1.0 0.583698 2.768 0.002 9.324070400000008e-05 6.223523799301333e-05
26.5 993.169 1.0 0.547375 3.143 0.002 0.00010472356099999985 6.692465046111575e-05
27.5 990.026 1.0 0.491909 3.702 0.002 0.00010064749300000013 7.477617861523333e-05
28.5 986.324 1.0 0.430979 4.408 0.002 7.870831400000008e-05 8.446686831663934e-05
29.5 981.916 1.0 0.382593 4.93 0.002 -1.3571942000000121e-05 9.30494773823999e-05
0.5 1020.96 1.0 0.601084 0.1 0.002 6.01084e-05 6.010838603793057e-05
1.5 1020.86 1.0 0.601084 0.2 0.002 6.01084e-05 6.010838603793057e-05
2.5 1020.66 1.0 0.601084 0.3 0.002 6.010839999999999e-05 6.010838603793057e-05
3.5 1020.36 1.0 0.601084 0.4 0.002 6.0108400000000016e-05 6.010838603793057e-05
4.5 1019.96 1.0 0.601084 0.5 0.002 6.010839999999999e-05 6.010838603793057e-05
5.5 1019.46 1.0 0.601084 0.6 0.002 6.010839999999999e-05 6.010838603793057e-05
6.5 1018.86 1.0 0.601084 0.7 0.002 6.010839999999999e-05 6.010838603793057e-05
7.5 1018.16 1.0 0.601084 0.8 0.002 6.010840000000004e-05 6.010838603793057e-05
8.5 1017.36 1.0 0.601084 0.9 0.002 6.010840000000004e-05 6.010838603793057e-05
9.5 1016.46 1.0 0.601084 1.0 0.002 6.0108399999999934e-05 6.010838603793057e-05
10.5 1015.46 1.0 0.601083 1.1 0.002 6.01073000000001e-05 6.010850625482286e-05
11.5 1014.36 1.0 0.601083 1.2 0.002 6.010830000000001e-05 6.010850625482286e-05
12.5 1013.16 1.0 0.601084 1.3 0.002 6.010959999999991e-05 6.010838603793057e-05
13.5 1011.86 1.0 0.60109 1.4 0.002 6.011679999999987e-05 6.01076647416259e-05
14.5 1010.46 1.0 0.601109 1.5 0.002 6.013750000000021e-05 6.0105380693762905e-05
15.5 1008.96 1.0 0.601152 1.6 0.002 6.017969999999996e-05 6.010021185328657e-05
16.5 1007.36 1.0 0.601211 1.7 0.002 6.021549999999992e-05 6.009312044668909e-05
17.5 1005.66 1.0 0.601173 1.8 0.002 6.005270000000013e-05 6.0097687697396374e-05
18.5 1003.86 1.0 0.600644 1.9 0.002 5.9112199999999905e-05 6.016130469843957e-05
19.5 1001.96 1.0 0.598691 2.022 0.002 6.932960199999968e-05 6.0396754288289403e-05
20.5 999.938 1.0 0.593699 2.147 0.002 6.411855100000013e-05 6.100277570800843e-05
21.5 997.791 1.0 0.583593 2.306 0.002 7.109370500000037e-05 6.224830876537493e-05
22.5 995.485 1.0 0.566521 2.51 0.002 7.62022519999999e-05 6.441041647571323e-05
23.5 992.975 1.0 0.541719 2.774 0.002 8.076079599999989e-05 6.768600018256259e-05
24.5 990.201 1.0 0.510082 3.112 0.002 8.464667800000018e-05 7.210716149038112e-05
25.5 987.089 1.0 0.474174 3.529 0.002 8.598486199999991e-05 7.74760895288415e-05
26.5 983.56 1.0 0.437808 4.016 0.002 8.487688199999995e-05 8.332106234970927e-05
27.5 979.544 1.0 0.405261 4.54 0.002 8.164801199999987e-05 8.892518218203619e-05
28.5 975.004 1.0 0.379715 5.061 0.002 8.185267500000022e-05 9.358661457203055e-05
29.5 969.943 1.0 0.361435 5.457 0.002 5.0613180000000065e-05 9.707145594675486e-05
0.5 1013.45 1.0 0.601086 0.1 0.002 6.01086e-05 6.010814560486728e-05
1.5 1013.35 1.0 0.601086 0.2 0.002 6.01086e-05 6.010814560486728e-05
2.5 1013.15 1.0 0.601086 0.3 0.002 6.01086e-05 6.010814560486728e-05
3.5 1012.85 1.0 0.601086 0.4 0.002 6.01086e-05 6.010814560486728e-05
4.5 1012.45 1.0 0.601085 0.5 0.002 6.0108099999999995e-05 6.010826582127872e-05
5.5 1011.95 1.0 0.601082 0.6 0.002 6.0106700000000005e-05 6.0108626471955584e-05
6.5 1011.35 1.0 0.601074 0.7 0.002 6.0102600000000016e-05 6.010958821767309e-05
7.5 1010.65 1.0 0.601057 0.8 0.002 6.00938e-05 6.011163197841623e-05
8.5 1009.85 1.0 0.601019 0.9 0.002 6.007149999999993e-05 6.0116200636053376e-05
9.5 1008.95 1.0 0.600939 1.0 0.002 6.0021900000000036e-05 6.0125819997683556e-05
10.5 1007.95 1.0 0.600776 1.11 0.002 6.592236000000013e-05 6.0145424210315835e-05
11.5 1006.84 1.0 0.60045 1.2 0.002 5.3678639999999974e-05 6.018465181371001e-05
12.5 1005.64 1.0 0.599824 1.3 0.002 5.9231199999999935e-05 6.026005018731372e-05
13.5 1004.34 1.0 0.598675 1.41 0.002 6.436054999999993e-05 6.03986870153501e-05
14.5 1002.93 1.0 0.59666 1.52 0.002 6.279144999999991e-05 6.06425848480616e-05
15.5 1001.41 1.0 0.59331 1.631 0.002 6.0765410000000156e-05 6.105025433430005e-05
16.5 999.779 1.0 0.588046 1.757 0.002 6.550821199999984e-05 6.169638668459086e-05
17.5 998.022 1.0 0.580252 1.894 0.002 6.580046600000006e-05 6.266564473120104e-05
18.5 996.128 1.0 0.569381 2.05 0.002 6.8233762e-05 6.404304059016687e-05
19.5 994.078 1.0 0.555091 2.232 0.002 7.17320620000001e-05 6.589979736041955e-05
20.5 991.846 1.0 0.537346 2.444 0.002 7.431051199999986e-05 6.828057823994474e-05
21.5 989.402 1.0 0.516478 2.692 0.002 7.708515200000022e-05 7.119064124199019e-05
22.5 986.71 1.0 0.493187 2.982 0.002 8.032485799999993e-05 7.458529475618717e-05
23.5 983.728 1.0 0.468507 3.316 0.002 8.288557799999985e-05 7.835919865333965e-05
24.5 980.412 1.0 0.443769 3.691 0.002 8.438216700000023e-05 8.233360656421263e-05
25.5 976.721 1.0 0.420471 4.098 0.002 8.513877899999993e-05 8.626080871961358e-05
26.5 972.623 1.0 0.399964 4.525 0.002 8.67469420000001e-05 8.987226339346533e-05
27.5 968.098 1.0 0.382924 4.959 0.002 8.90830159999995e-05 9.298789901306187e-05
28.5 963.139 1.0 0.369048 5.396 0.002 9.246289200000053e-05 9.560464115716416e-05
29.5 957.743 1.0 0.357356 5.757 0.002 6.591548399999996e-05 9.786660388285038e-05
0.5 1005.93 1.0 0.600166 0.1 0.002 6.00166e-05 6.0218846406285167e-05
1.5 1005.83 1.0 0.600095 0.2 0.002 6.000240000000002e-05 6.022739808962999e-05
2.5 1005.63 1.0 0.599944 0.3 0.002 5.9964199999999984e-05 6.024558951061937e-05
3.5 1005.33 1.0 0.599697 0.41 0.002 6.589257000000001e-05 6.027535818409459e-05
4.5 1004.92 1.0 0.599325 0.5 0.002 5.3786730000000013e-05 6.032021973701186e-05
5.5 1004.42 1.0 0.598787 0.6 0.002 5.960969999999993e-05 6.0385159224627785e-05
6.5 1003.82 1.0 0.598021 0.71 0.002 6.532271000000002e-05 6.047774018746997e-05
7.5 1003.11 1.0 0.596948 0.81 0.002 5.8932970000000065e-05 6.060766477713501e-05
8.5 1002.3 1.0 0.595459 0.92 0.002 6.429440000000003e-05 6.0788423418870964e-05
9.5 1001.38 1.0 0.593417 1.02 0.002 5.746305999999987e-05 6.103719097770151e-05
10.5 1000.36 1.0 0.590654 1.129 0.002 6.156302600000005e-05 6.137541615050783e-05
11.5 999.231 1.0 0.586975 1.246 0.002 6.452248400000003e-05 6.182868198255065e-05
12.5 997.985 1.0 0.582166 1.365 0.002 6.328573999999992e-05 6.242621919601446e-05
13.5 996.62 1.0 0.57601 1.493 0.002 6.532634000000026e-05 6.319956173449781e-05
14.5 995.127 1.0 0.568307 1.63 0.002 6.635747999999967e-05 6.418075289141681e-05
15.5 993.497 1.0 0.558901 1.778 0.002 6.738556800000011e-05 6.539954927030459e-05
16.5 991.719 1.0 0.547705 1.942 0.002 6.991713199999998e-05 6.688049476479406e-05
17.5 989.777 1.0 0.534717 2.123 0.002 7.156108100000004e-05 6.864054303847025e-05
18.5 987.654 1.0 0.520041 2.326 0.002 7.441117499999987e-05 7.068513997262834e-05
19.5 985.328 1.0 0.50389 2.552 0.002 7.631191400000016e-05 7.300568877582133e-05
20.5 982.776 1.0 0.486597 2.805 0.002 7.897730500000012e-05 7.557483569124967e-05
21.5 979.971 1.0 0.468615 3.086 0.002 8.124130499999977e-05 7.834227489426232e-05
22.5 976.885 1.0 0.450514 3.394 0.002 8.28986260000004e-05 8.123038417698918e-05
23.5 973.491 1.0 0.432941 3.729 0.002 8.539247299999995e-05 8.413606977656384e-05
24.5 969.762 1.0 0.416525 4.083 0.002 8.623458599999975e-05 8.694427242241842e-05
25.5 965.679 1.0 0.401706 4.455 0.002 8.892865500000004e-05 8.95596932411791e-05
26.5 961.224 1.0 0.388586 4.839 0.002 9.07674240000001e-05 9.194084366093643e-05
27.5 956.385 1.0 0.376921 5.238 0.002 9.39445440000001e-05 9.411104045554596e-05
28.5 951.147 1.0 0.36628 5.654 0.002 9.663492199999974e-05 9.613537616965941e-05
29.5 945.493 1.0 0.356267 6.007 0.002 6.914874899999982e-05 9.807998963884263e-05
0.5 998.342 1.0 0.591696 0.103 0.002 6.0944688e-05 6.124764296914898e-05
1.5 998.239 1.0 0.591356 0.208 0.002 6.205736000000002e-05 6.128930553003331e-05
2.5 998.031 1.0 0.590661 0.312 0.002 6.128418399999999e-05 6.137455690069648e-05
3.5 997.719 1.0 0.589583 0.417 0.002 6.156987899999996e-05 6.150702319272487e-05
4.5 997.302 1.0 0.588082 0.523 0.002 6.171077500000002e-05 6.169194470466275e-05
5.5 996.779 1.0 0.5861 0.632 0.002 6.2848314e-05 6.193697690644076e-05
6.5 996.147 1.0 0.583571 0.742 0.002 6.259448199999999e-05 6.225104775121787e-05
7.5 995.405 1.0 0.580417 0.855 0.002 6.324685299999999e-05 6.264496848020881e-05
8.5 994.55 1.0 0.576553 0.971 0.002 6.357642800000011e-05 6.313096426562172e-05
9.5 993.579 1.0 0.571889 1.092 0.002 6.466982500000001e-05 6.372260502282262e-05
10.5 992.487 1.0 0.566339 1.219 0.002 6.586445299999993e-05 6.443386613488945e-05
11.5 991.268 1.0 0.559823 1.351 0.002 6.595363199999997e-05 6.527906362335762e-05
12.5 989.917 1.0 0.55228 1.492 0.002 6.768088700000012e-05 6.627132941921675e-05
13.5 988.425 1.0 0.543668 1.644 0.002 6.9788432e-05 6.742267371056884e-05
14.5 986.781 1.0 0.533976 1.805 0.002 7.003648799999988e-05 6.874234373894004e-05
15.5 984.976 1.0 0.52323 1.98 0.002 7.216872e-05 7.023574479451276e-05
16.5 982.996 1.0 0.511499 2.171 0.002 7.446892900000003e-05 7.190309908772014e-05
17.5 980.825 1.0 0.498898 2.378 0.002 7.591511500000016e-05 7.373822832502134e-05
18.5 978.447 1.0 0.485598 2.604 0.002 7.811774799999999e-05 7.572598516099865e-05
19.5 975.843 1.0 0.471826 2.848 0.002 7.926325600000005e-05 7.784077285153182e-05
20.5 972.995 1.0 0.457863 3.115 0.002 8.248279699999989e-05 8.004519130921773e-05
21.5 969.88 1.0 0.444023 3.4 0.002 8.343495499999972e-05 8.229179171394923e-05
22.5 966.48 1.0 0.43062 3.703 0.002 8.490766000000013e-05 8.452753730565139e-05
23.5 962.777 1.0 0.417907 4.025 0.002 8.748981500000005e-05 8.670429026157168e-05
24.5 958.752 1.0 0.406017 4.362 0.002 8.89704790000001e-05 8.879082890325162e-05
25.5 954.39 1.0 0.394933 4.716 0.002 9.145787399999984e-05 9.078112291194486e-05
26.5 949.674 1.0 0.384518 5.086 0.002 9.315452000000033e-05 9.26919256232648e-05
27.5 944.588 1.0 0.374587 5.476 0.002 9.557986399999973e-05 9.455137774002736e-05
28.5 939.112 1.0 0.364992 5.887 0.002 9.746949199999954e-05 9.638334013914572e-05
29.5 933.225 1.0 0.355674 6.239 0.002 7.034218200000029e-05 9.819638151329282e-05
0.5 990.536 1.0 0.57342 0.111 0.002 6.364962e-05 6.35277848281777e-05
1.5 990.425 1.0 0.572872 0.223 0.002 6.410083600000003e-05 6.359744944958838e-05
2.5 990.202 1.0 0.571768 0.334 0.002 6.3220056e-05 6.373802775931399e-05
3.5 989.868 1.0 0.570093 0.449 0.002 6.500124499999994e-05 6.395190820202651e-05
4.5 989.419 1.0 0.567825 0.564 0.002 6.428154299999996e-05 6.424265296824755e-05
5.5 988.855 1.0 0.564939 0.682 0.002 6.503509800000006e-05 6.461453377672955e-05
6.5 988.173 1.0 0.561403 0.804 0.002 6.607961400000007e-05 6.507310736457972e-05
7.5 987.369 1.0 0.557186 0.928 0.002 6.570059599999997e-05 6.562425487410906e-05
8.5 986.441 1.0 0.552258 1.058 0.002 6.722035599999998e-05 6.627424542186277e-05
9.5 985.383 1.0 0.546594 1.194 0.002 6.834427200000002e-05 6.702926845051477e-05
10.5 984.189 1.0 0.540174 1.335 0.002 6.849905399999997e-05 6.789547339256357e-05
11.5 982.854 1.0 0.532992 1.485 0.002 7.036083000000004e-05 6.887776187916177e-05
12.5 981.369 1.0 0.525054 1.644 0.002 7.169565599999996e-05 6.997999157500296e-05
13.5 979.725 1.0 0.516384 1.811 0.002 7.198264799999985e-05 7.120402634070355e-05
14.5 977.914 1.0 0.507028 1.991 0.002 7.432132400000025e-05 7.254893985040017e-05
15.5 975.923 1.0 0.497056 2.183 0.002 7.558049999999996e-05 7.40103809555148e-05
16.5 973.74 1.0 0.486564 2.389 0.002 7.732814799999983e-05 7.557982379501092e-05
17.5 971.351 1.0 0.475678 2.609 0.002 7.864250600000001e-05 7.724339160467214e-05
18.5 968.742 1.0 0.464545 2.845 0.002 8.058662300000023e-05 7.898258353251369e-05
19.5 965.897 1.0 0.453332 3.097 0.002 8.233867899999983e-05 8.077385743257794e-05
20.5 962.8 1.0 0.442205 3.364 0.002 8.360841600000006e-05 8.259154929766307e-05
21.5 959.436 1.0 0.431309 3.646 0.002 8.497499399999996e-05 8.441113857638763e-05
22.5 955.79 1.0 0.420741 3.946 0.002 8.769137200000002e-05 8.621424045746737e-05
23.5 951.844 1.0 0.410542 4.26 0.002 8.866493399999997e-05 8.79908970529937e-05
24.5 947.584 1.0 0.400689 4.591 0.002 9.065427900000031e-05 8.974204304411377e-05
25.5 942.993 1.0 0.391123 4.94 0.002 9.258442099999977e-05 9.147551735138503e-05
26.5 938.053 1.0 0.381777 5.308 0.002 9.432469599999962e-05 9.320145811203094e-05
27.5 932.745 1.0 0.372615 5.697 0.002 9.631533899999998e-05 9.492502472133718e-05
28.5 927.048 1.0 0.363657 6.106 0.002 9.770198700000034e-05 9.66410275168809e-05
29.5 920.942 1.0 0.354994 6.456 0.002 7.1351622e-05 9.833001944534665e-05
0.5 982.397 1.0 0.551449 0.121 0.002 6.6725329e-05 6.638156394823054e-05
1.5 982.276 1.0 0.550841 0.241 0.002 6.6027352e-05 6.646233302763939e-05
2.5 982.035 1.0 0.549622 0.364 0.002 6.730972700000001e-05 6.662456587704698e-05
3.5 981.671 1.0 0.547788 0.488 0.002 6.725813600000002e-05 6.686939352409157e-05
4.5 981.183 1.0 0.545334 0.615 0.002 6.805986599999993e-05 6.719839521723425e-05
5.5 980.568 1.0 0.542255 0.743 0.002 6.751505500000009e-05 6.761347966830745e-05
6.5 979.825 1.0 0.538545 0.876 0.002 6.886995500000003e-05 6.811703757694901e-05
7.5 978.949 1.0 0.534202 1.013 0.002 6.938120599999986e-05 6.871127922068005e-05
8.5 977.936 1.0 0.529227 1.155 0.002 7.011055900000012e-05 6.939836905221278e-05
9.5 976.781 1.0 0.523626 1.304 0.002 7.155111899999995e-05 7.018014010699832e-05
10.5 975.477 1.0 0.517412 1.458 0.002 7.157839199999994e-05 7.105778125401266e-05
11.5 974.019 1.0 0.51061 1.621 0.002 7.331211400000005e-05 7.20310565183448e-05
12.5 972.398 1.0 0.503252 1.792 0.002 7.412877400000007e-05 7.309890349304135e-05
13.5 970.606 1.0 0.495384 1.973 0.002 7.55650479999999e-05 7.425828593554364e-05
14.5 968.633 1.0 0.487068 2.164 0.002 7.662252000000002e-05 7.550367771669647e-05
15.5 966.469 1.0 0.478375 2.367 0.002 7.829847300000014e-05 7.682786244000642e-05
16.5 964.102 1.0 0.46939 2.582 0.002 7.965135499999969e-05 7.822093842822996e-05
17.5 961.52 1.0 0.460207 2.809 0.002 8.075648300000021e-05 7.96708176698155e-05
18.5 958.711 1.0 0.450919 3.049 0.002 8.213056800000004e-05 8.116461420623994e-05
19.5 955.662 1.0 0.441611 3.304 0.002 8.4230713e-05 8.268972636385923e-05
20.5 952.358 1.0 0.432352 3.572 0.002 8.527860000000003e-05 8.423524046682906e-05
21.5 948.786 1.0 0.423186 3.854 0.002 8.659750000000006e-05 8.57936819252777e-05
22.5 944.932 1.0 0.41413 4.152 0.002 8.850891599999997e-05 8.736173451083287e-05
23.5 940.78 1.0 0.40518 4.467 0.002 9.047129999999962e-05 8.893958922848894e-05
24.5 936.313 1.0 0.396321 4.798 0.002 9.160909800000013e-05 9.052946397895095e-05
25.5 931.515 1.0 0.387546 5.148 0.002 9.353865e-05 9.21322796401505e-05
26.5 926.367 1.0 0.378872 5.517 0.002 9.515001600000038e-05 9.374453469345276e-05
27.5 920.85 1.0 0.370354 5.903 0.002 9.59628379999999e-05 9.53552476841289e-05
28.5 914.947 1.0 0.362085 6.307 0.002 9.747043300000011e-05 9.694534504387158e-05
29.5 908.64 1.0 0.354193 6.654 0.002 7.313012699999974e-05 9.848767038118136e-05
0.5 973.897 1.0 0.530307 0.13 0.002 6.893991e-05 6.924863035107564e-05
1.5 973.767 1.0 0.529719 0.263 0.002 7.037618700000003e-05 6.933011464374169e-05
2.5 973.504 1.0 0.528543 0.394 0.002 6.8929845e-05 6.949337098758427e-05
3.5 973.11 1.0 0.526781 0.53 0.002 7.0947988e-05 6.973869763861971e-05
4.5 972.58 1.0 0.524436 0.666 0.002 7.008044599999999e-05 7.006654032069616e-05
5.5 971.914 1.0 0.521514 0.805 0.002 7.054439400000002e-05 7.047720798447286e-05
6.5 971.109 1.0 0.518021 0.95 0.002 7.230117999999981e-05 7.09712855630143e-05
7.5 970.159 1.0 0.513969 1.097 0.002 7.170404300000006e-05 7.154877368254526e-05
8.5 969.062 1.0 0.509372 1.251 0.002 7.340037900000005e-05 7.220962639256049e-05
9.5 967.811 1.0 0.504251 1.409 0.002 7.326528700000014e-05 7.295299769229525e-05
10.5 966.402 1.0 0.498631 1.575 0.002 7.485416599999995e-05 7.377761505426767e-05
11.5 964.827 1.0 0.492545 1.749 0.002 7.611738000000011e-05 7.468112378372403e-05
12.5 963.078 1.0 0.486031 1.929 0.002 7.609259399999984e-05 7.56604348452326e-05
13.5 961.149 1.0 0.479137 2.12 0.002 7.821664100000003e-05 7.671086595161645e-05
14.5 959.029 1.0 0.471912 2.319 0.002 7.859348800000007e-05 7.782738538995607e-05
15.5 956.71 1.0 0.464414 2.529 0.002 8.013907799999981e-05 7.90032796804762e-05
16.5 954.181 1.0 0.456699 2.75 0.002 8.141924400000022e-05 8.023175358882156e-05
17.5 951.431 1.0 0.44882 2.982 0.002 8.245899000000004e-05 8.150605944879542e-05
18.5 948.449 1.0 0.440825 3.227 0.002 8.416103499999999e-05 8.281981683802611e-05
19.5 945.222 1.0 0.432753 3.485 0.002 8.560192999999979e-05 8.416771088695582e-05
20.5 941.737 1.0 0.424629 3.755 0.002 8.633768999999998e-05 8.55464383033953e-05
21.5 937.982 1.0 0.416472 4.041 0.002 8.84814570000004e-05 8.695348900376537e-05
22.5 933.941 1.0 0.408291 4.341 0.002 8.942787899999995e-05 8.838792511110478e-05
23.5 929.6 1.0 0.400099 4.658 0.002 9.126991099999999e-05 8.984800115789829e-05
24.5 924.942 1.0 0.391917 4.991 0.002 9.239660499999998e-05 9.133036950772102e-05
25.5 919.951 1.0 0.383785 5.342 0.002 9.412172299999967e-05 9.28279116396239e-05
26.5 914.609 1.0 0.37577 5.709 0.002 9.509145999999974e-05 9.432793361892558e-05
27.5 908.9 1.0 0.367958 6.092 0.002 9.632920600000008e-05 9.581328661580615e-05
28.5 902.808 1.0 0.360458 6.49 0.002 9.777228400000048e-05 9.726131900747521e-05
29.5 896.318 1.0 0.353378 6.832 0.002 7.490607600000015e-05 9.86483361909649e-05
0.5 965.055 1.0 0.511618 0.141 0.002 7.2138138e-05 7.18859881864153e-05
1.5 964.914 1.0 0.511081 0.282 0.002 7.1986704e-05 7.1963235211955e-05
2.5 964.632 1.0 0.510007 0.424 0.002 7.211812600000001e-05 7.211797837585081e-05
3.5 964.208 1.0 0.508403 0.569 0.002 7.303833899999996e-05 7.234970434019795e-05
4.5 963.639 1.0 0.506273 0.716 0.002 7.321016099999999e-05 7.265857150063929e-05
5.5 962.923 1.0 0.503628 0.865 0.002 7.314675200000004e-05 7.304395378129572e-05
6.5 962.058 1.0 0.500479 1.019 0.002 7.434988099999998e-05 7.350543628523181e-05
7.5 961.039 1.0 0.496842 1.176 0.002 7.429809100000006e-05 7.404206417828978e-05
8.5 959.863 1.0 0.492736 1.339 0.002 7.5487312e-05 7.465260104262903e-05
9.5 958.524 1.0 0.488184 1.508 0.002 7.640796799999994e-05 7.533534144120139e-05
10.5 957.016 1.0 0.483211 1.682 0.002 7.657942999999992e-05 7.60883653273618e-05
11.5 955.334 1.0 0.477847 1.864 0.002 7.794590600000023e-05 7.690903551458318e-05
12.5 953.47 1.0 0.472127 2.053 0.002 7.85699229999999e-05 7.779392680834897e-05
13.5 951.417 1.0 0.466086 2.251 0.002 7.988285499999981e-05 7.873953394187404e-05
14.5 949.166 1.0 0.45976 2.458 0.002 8.09304940000003e-05 7.974207522819494e-05
15.5 946.708 1.0 0.453185 2.673 0.002 8.12734249999998e-05 8.079760843788983e-05
16.5 944.035 1.0 0.446396 2.9 0.002 8.318489499999993e-05 8.190216019741839e-05
17.5 941.135 1.0 0.439424 3.138 0.002 8.436411200000017e-05 8.30522033863176e-05
18.5 937.997 1.0 0.432296 3.387 0.002 8.527404000000004e-05 8.42446753421045e-05
19.5 934.61 1.0 0.425033 3.649 0.002 8.675886499999994e-05 8.547734469882146e-05
20.5 930.961 1.0 0.417657 3.924 0.002 8.79406509999999e-05 8.674765324654532e-05
21.5 927.037 1.0 0.410187 4.213 0.002 8.923176300000015e-05 8.805339277325667e-05
22.5 922.824 1.0 0.402649 4.517 0.002 9.064770199999992e-05 8.939094284137363e-05
23.5 918.307 1.0 0.395079 4.836 0.002 9.183651100000021e-05 9.075461869385872e-05
24.5 913.471 1.0 0.387523 5.171 0.002 9.327938900000011e-05 9.21365178224914e-05
25.5 908.3 1.0 0.380048 5.521 0.002 9.436357499999952e-05 9.352430663757085e-05
26.5 902.779 1.0 0.372733 5.886 0.002 9.566142999999994e-05 9.49026250587671e-05
27.5 896.893 1.0 0.365665 6.263 0.002 9.625345700000048e-05 9.625369543377841e-05
28.5 890.63 1.0 0.358937 6.653 0.002 9.784796599999991e-05 9.75576384132063e-05
29.5 883.977 1.0 0.352626 6.991 0.002 7.720050499999964e-05 9.879681491660937e-05
