0.5 1046.33 1.0 0.601084 0.1 0.002 6.01084e-05 6.010838603793057e-05
1.5 1046.23 1.0 0.601084 0.2 0.002 6.01084e-05 6.010838603793057e-05
2.5 1046.03 1.0 0.601084 0.3 0.002 6.010839999999999e-05 6.010838603793057e-05
3.5 1045.73 1.0 0.601084 0.4 0.002 6.0108400000000016e-05 6.010838603793057e-05
4.5 1045.33 1.0 0.601084 0.5 0.002 6.010839999999999e-05 6.010838603793057e-05
5.5 1044.83 1.0 0.601084 0.6 0.002 6.010839999999999e-05 6.010838603793057e-05
6.5 1044.23 1.0 0.601084 0.7 0.002 6.010839999999999e-05 6.010838603793057e-05
7.5 1043.53 1.0 0.601084 0.8 0.002 6.010840000000004e-05 6.010838603793057e-05
8.5 1042.73 1.0 0.601084 0.9 0.002 6.010840000000004e-05 6.010838603793057e-05
9.5 1041.83 1.0 0.601084 1.0 0.002 6.0108399999999934e-05 6.010838603793057e-05
10.5 1040.83 1.0 0.601084 1.1 0.002 6.010840000000004e-05 6.010838603793057e-05
11.5 1039.73 1.0 0.601084 1.2 0.002 6.0108399999999934e-05 6.010838603793057e-05
12.5 1038.53 1.0 0.601084 1.3 0.002 6.010840000000004e-05 6.010838603793057e-05
13.5 1037.23 1.0 0.601084 1.4 0.002 6.0108399999999934e-05 6.010838603793057e-05
14.5 1035.83 1.0 0.601084 1.5 0.002 6.010840000000004e-05 6.010838603793057e-05
15.5 1034.33 1.0 0.601084 1.6 0.002 6.010840000000004e-05 6.010838603793057e-05
16.5 1032.73 1.0 0.601084 1.7 0.002 6.0108399999999826e-05 6.010838603793057e-05
17.5 1031.03 1.0 0.601084 1.8 0.002 6.010840000000026e-05 6.010838603793057e-05
18.5 1029.23 1.0 0.601089 1.9 0.002 6.011789999999981e-05 6.010778495707561e-05
19.5 1027.33 1.0 0.601086 2.0 0.002 6.010290000000012e-05 6.010814560486728e-05
20.5 1025.33 1.0 0.601033 2.1 0.002 5.9997300000000104e-05 6.011451740600089e-05
21.5 1023.23 1.0 0.600918 2.2 0.002 5.985029999999985e-05 6.012834533515518e-05
22.5 1021.03 1.0 0.602455 2.29 0.002 5.760235000000003e-05 5.9943794601398316e-05
23.5 1018.74 1.0 0.601645 2.4 0.002 6.432604999999998e-05 6.004098224939252e-05
24.5 1016.34 1.0 0.600911 2.52 0.002 7.034771999999984e-05 6.012918713788247e-05
25.5 1013.82 1.0 0.585754 2.74 0.002 9.067024000000007e-05 6.197985212757557e-05
26.5 1011.08 1.0 0.549073 3.09 0.002 9.166961000000012e-05 6.669775982650465e-05
27.5 1007.99 1.0 0.492401 3.64 0.002 9.570406999999978e-05 7.470263504484666e-05
28.5 1004.35 1.0 0.426354 4.34 0.002 5.80367200000004e-05 8.525181161451968e-05
29.5 1000.01 1.0 0.400798 4.567 0.002 -1.9931894000000056e-05 8.972248141102563e-05
0.5 1046.32 1.0 0.601084 0.1 0.002 6.01084e-05 6.010838603793057e-05
1.5 1046.22 1.0 0.601084 0.2 0.002 6.01084e-05 6.010838603793057e-05
2.5 1046.02 1.0 0.601084 0.3 0.002 6.010839999999999e-05 6.010838603793057e-05
3.5 1045.72 1.0 0.601084 0.4 0.002 6.0108400000000016e-05 6.010838603793057e-05
4.5 1045.32 1.0 0.601084 0.5 0.002 6.010839999999999e-05 6.010838603793057e-05
5.5 1044.82 1.0 0.601084 0.6 0.002 6.010839999999999e-05 6.010838603793057e-05
6.5 1044.22 1.0 0.601084 0.7 0.002 6.010839999999999e-05 6.010838603793057e-05
7.5 1043.52 1.0 0.601084 0.8 0.002 6.010840000000004e-05 6.010838603793057e-05
8.5 1042.72 1.0 0.601084 0.9 0.002 6.010840000000004e-05 6.010838603793057e-05
9.5 1041.82 1.0 0.601084 1.0 0.002 6.0108399999999934e-05 6.010838603793057e-05
10.5 1040.82 1.0 0.601084 1.1 0.002 6.010840000000004e-05 6.010838603793057e-05
11.5 1039.72 1.0 0.601084 1.2 0.002 6.0108399999999934e-05 6.010838603793057e-05
12.5 1038.52 1.0 0.601084 1.3 0.002 6.010840000000004e-05 6.010838603793057e-05
13.5 1037.22 1.0 0.601084 1.4 0.002 6.0108399999999934e-05 6.010838603793057e-05
14.5 1035.82 1.0 0.601084 1.5 0.002 6.010840000000004e-05 6.010838603793057e-05
15.5 1034.32 1.0 0.601084 1.6 0.002 6.010840000000004e-05 6.010838603793057e-05
16.5 1032.72 1.0 0.601084 1.7 0.002 6.0108399999999826e-05 6.010838603793057e-05
17.5 1031.02 1.0 0.601084 1.8 0.002 6.010840000000026e-05 6.010838603793057e-05
18.5 1029.22 1.0 0.601089 1.9 0.002 6.011789999999981e-05 6.010778495707561e-05
19.5 1027.32 1.0 0.601093 1.99 0.002 5.4105970000000066e-05 6.0107304096719396e-05
20.5 1025.33 1.0 0.601056 2.11 0.002 7.205309000000016e-05 6.01117522018004e-05
21.5 1023.22 1.0 0.600744 2.19 0.002 4.740119999999972e-05 6.014927364064576e-05
22.5 1021.03 1.0 0.60306 2.3 0.002 7.140864000000028e-05 5.9871306474091795e-05
23.5 1018.73 1.0 0.601134 2.39 0.002 4.967225999999978e-05 6.01023754998587e-05
24.5 1016.34 1.0 0.601614 2.53 0.002 8.537315999999993e-05 6.0044704905693125e-05
25.5 1013.81 1.0 0.587397 2.73 0.002 8.151038999999988e-05 6.177652059016135e-05
26.5 1011.08 1.0 0.55071 3.09 0.002 9.810009000000034e-05 6.647974844021205e-05
27.5 1007.99 1.0 0.494845 3.66 0.002 0.00010943879999999974 7.433837953047353e-05
28.5 1004.33 1.0 0.4197 4.32 0.002 1.9713000000002364e-06 8.639392549331505e-05
29.5 1000.01 1.0 0.407442 4.577 0.002 5.175803400000014e-05 8.853813530030351e-05
0.5 1046.32 1.0 0.601084 0.1 0.002 6.01084e-05 6.010838603793057e-05
1.5 1046.22 1.0 0.601084 0.2 0.002 6.01084e-05 6.010838603793057e-05
2.5 1046.02 1.0 0.601084 0.3 0.002 6.010839999999999e-05 6.010838603793057e-05
3.5 1045.72 1.0 0.601084 0.4 0.002 6.0108400000000016e-05 6.010838603793057e-05
4.5 1045.32 1.0 0.601084 0.5 0.002 6.010839999999999e-05 6.010838603793057e-05
5.5 1044.82 1.0 0.601084 0.6 0.002 6.010839999999999e-05 6.010838603793057e-05
6.5 1044.22 1.0 0.601084 0.7 0.002 6.010839999999999e-05 6.010838603793057e-05
7.5 1043.52 1.0 0.601084 0.8 0.002 6.010840000000004e-05 6.010838603793057e-05
8.5 1042.72 1.0 0.601084 0.9 0.002 6.010840000000004e-05 6.010838603793057e-05
9.5 1041.82 1.0 0.601084 1.0 0.002 6.0108399999999934e-05 6.010838603793057e-05
10.5 1040.82 1.0 0.601084 1.1 0.002 6.010840000000004e-05 6.010838603793057e-05
11.5 1039.72 1.0 0.601084 1.2 0.002 6.0108399999999934e-05 6.010838603793057e-05
12.5 1038.52 1.0 0.601084 1.3 0.002 6.010840000000004e-05 6.010838603793057e-05
13.5 1037.22 1.0 0.601084 1.4 0.002 6.0108399999999934e-05 6.010838603793057e-05
14.5 1035.82 1.0 0.601084 1.5 0.002 6.010840000000004e-05 6.010838603793057e-05
15.5 1034.32 1.0 0.601084 1.6 0.002 6.010840000000004e-05 6.010838603793057e-05
16.5 1032.72 1.0 0.601084 1.7 0.002 6.0108399999999826e-05 6.010838603793057e-05
17.5 1031.02 1.0 0.601083 1.8 0.002 6.0106600000000296e-05 6.010850625482286e-05
18.5 1029.22 1.0 0.601089 1.9 0.002 6.0119699999999776e-05 6.010778495707561e-05
19.5 1027.32 1.0 0.601097 2.0 0.002 6.012490000000003e-05 6.010682324021004e-05
20.5 1025.32 1.0 0.601088 2.1 0.002 6.0090799999999896e-05 6.0107905172765734e-05
21.5 1023.22 1.0 0.600577 2.2 0.002 5.898460000000041e-05 6.016936685342146e-05
22.5 1021.02 1.0 0.603499 2.29 0.002 6.0743309999999884e-05 5.9818762537171293e-05
23.5 1018.73 1.0 0.600865 2.4 0.002 6.006328999999988e-05 6.0134719277573683e-05
24.5 1016.33 1.0 0.601835 2.52 0.002 7.454819999999987e-05 6.001817101054762e-05
25.5 1013.81 1.0 0.588556 2.74 0.002 9.601924000000005e-05 6.163348845372359e-05
26.5 1011.07 1.0 0.551829 3.08 0.002 8.698988000000016e-05 6.633113312576982e-05
27.5 1007.99 1.0 0.498611 3.67 0.002 0.00013026904999999993 7.378056621789272e-05
28.5 1004.32 1.0 0.414927 4.321 0.002 -3.7002803000000216e-05 8.72225908329956e-05
29.5 999.999 1.0 0.408416 4.576 0.002 7.601204899999989e-05 8.836583089171951e-05
0.5 1046.31 1.0 0.601084 0.1 0.002 6.01084e-05 6.010838603793057e-05
1.5 1046.21 1.0 0.601084 0.2 0.002 6.01084e-05 6.010838603793057e-05
2.5 1046.01 1.0 0.601084 0.3 0.002 6.010839999999999e-05 6.010838603793057e-05
3.5 1045.71 1.0 0.601084 0.4 0.002 6.0108400000000016e-05 6.010838603793057e-05
4.5 1045.31 1.0 0.601084 0.5 0.002 6.010839999999999e-05 6.010838603793057e-05
5.5 1044.81 1.0 0.601084 0.6 0.002 6.010839999999999e-05 6.010838603793057e-05
6.5 1044.21 1.0 0.601084 0.7 0.002 6.010839999999999e-05 6.010838603793057e-05
7.5 1043.51 1.0 0.601084 0.8 0.002 6.010840000000004e-05 6.010838603793057e-05
8.5 1042.71 1.0 0.601084 0.9 0.002 6.010840000000004e-05 6.010838603793057e-05
9.5 1041.81 1.0 0.601084 1.0 0.002 6.0108399999999934e-05 6.010838603793057e-05
10.5 1040.81 1.0 0.601084 1.1 0.002 6.010840000000004e-05 6.010838603793057e-05
11.5 1039.71 1.0 0.601084 1.2 0.002 6.0108399999999934e-05 6.010838603793057e-05
12.5 1038.51 1.0 0.601084 1.3 0.002 6.010840000000004e-05 6.010838603793057e-05
13.5 1037.21 1.0 0.601084 1.4 0.002 6.0108399999999934e-05 6.010838603793057e-05
14.5 1035.81 1.0 0.601084 1.5 0.002 6.010840000000004e-05 6.010838603793057e-05
15.5 1034.31 1.0 0.601084 1.6 0.002 6.010840000000004e-05 6.010838603793057e-05
16.5 1032.71 1.0 0.601084 1.7 0.002 6.0108399999999826e-05 6.010838603793057e-05
17.5 1031.01 1.0 0.601083 1.8 0.002 6.0106600000000296e-05 6.010850625482286e-05
18.5 1029.21 1.0 0.601089 1.9 0.002 6.0119699999999776e-05 6.010778495707561e-05
19.5 1027.31 1.0 0.601097 2.0 0.002 6.012490000000003e-05 6.010682324021004e-05
20.5 1025.31 1.0 0.601125 2.1 0.002 6.0168500000000154e-05 6.010345735235433e-05
21.5 1023.21 1.0 0.600433 2.19 0.002 5.258576999999992e-05 6.01866981266588e-05
22.5 1021.02 1.0 0.603795 2.3 0.002 7.37802299999998e-05 5.978336030984251e-05
23.5 1018.72 1.0 0.600771 2.4 0.002 5.312190000000025e-05 6.014602566756521e-05
24.5 1016.32 1.0 0.601814 2.52 0.002 7.472087999999986e-05 6.002069182666683e-05
25.5 1013.8 1.0 0.589316 2.73 0.002 9.226140000000009e-05 6.153987671421934e-05
26.5 1011.07 1.0 0.55227 3.09 0.002 9.768161999999998e-05 6.627265485905948e-05
27.5 1007.98 1.0 0.502512 3.67 0.002 0.00013770473999999986 7.320716996764003e-05
28.5 1004.31 1.0 0.41304 4.321 0.002 -5.947319999999984e-05 8.755239083195025e-05
29.5 999.989 1.0 0.407572 4.576 0.002 8.030363199999974e-05 8.851511837745507e-05
0.5 1046.31 1.0 0.601084 0.1 0.002 6.01084e-05 6.010838603793057e-05
1.5 1046.21 1.0 0.601084 0.2 0.002 6.01084e-05 6.010838603793057e-05
2.5 1046.01 1.0 0.601084 0.3 0.002 6.010839999999999e-05 6.010838603793057e-05
3.5 1045.71 1.0 0.601084 0.4 0.002 6.0108400000000016e-05 6.010838603793057e-05
4.5 1045.31 1.0 0.601084 0.5 0.002 6.010839999999999e-05 6.010838603793057e-05
5.5 1044.81 1.0 0.601084 0.6 0.002 6.010839999999999e-05 6.010838603793057e-05
6.5 1044.21 1.0 0.601084 0.7 0.002 6.010839999999999e-05 6.010838603793057e-05
7.5 1043.51 1.0 0.601084 0.8 0.002 6.010840000000004e-05 6.010838603793057e-05
8.5 1042.71 1.0 0.601084 0.9 0.002 6.010840000000004e-05 6.010838603793057e-05
9.5 1041.81 1.0 0.601084 1.0 0.002 6.0108399999999934e-05 6.010838603793057e-05
10.5 1040.81 1.0 0.601084 1.1 0.002 6.010840000000004e-05 6.010838603793057e-05
11.5 1039.71 1.0 0.601084 1.2 0.002 6.0108399999999934e-05 6.010838603793057e-05
12.5 1038.51 1.0 0.601084 1.3 0.002 6.010840000000004e-05 6.010838603793057e-05
13.5 1037.21 1.0 0.601084 1.4 0.002 6.0108399999999934e-05 6.010838603793057e-05
14.5 1035.81 1.0 0.601084 1.5 0.002 6.010840000000004e-05 6.010838603793057e-05
15.5 1034.31 1.0 0.601084 1.6 0.002 6.010840000000004e-05 6.010838603793057e-05
16.5 1032.71 1.0 0.601084 1.7 0.002 6.0108399999999826e-05 6.010838603793057e-05
17.5 1031.01 1.0 0.601083 1.8 0.002 6.0106600000000296e-05 6.010850625482286e-05
18.5 1029.21 1.0 0.601088 1.9 0.002 6.011779999999978e-05 6.0107905172765734e-05
19.5 1027.31 1.0 0.601095 2.0 0.002 6.012280000000018e-05 6.0107063667983855e-05
20.5 1025.31 1.0 0.601162 2.1 0.002 6.025020000000004e-05 6.009900986106947e-05
21.5 1023.21 1.0 0.600319 2.2 0.002 5.8261600000000194e-05 6.0200422258323244e-05
22.5 1021.01 1.0 0.603975 2.29 0.002 6.240094999999989e-05 5.976184217362787e-05
23.5 1018.72 1.0 0.600786 2.4 0.002 5.8783649999999974e-05 6.014422131386063e-05
24.5 1016.32 1.0 0.601695 2.52 0.002 7.438499999999973e-05 6.0034978451362475e-05
25.5 1013.8 1.0 0.589809 2.74 0.002 9.980526000000038e-05 6.147922830036064e-05
26.5 1011.06 1.0 0.552156 3.08 0.002 8.456381999999993e-05 6.62877667470571e-05
27.5 1007.98 1.0 0.505616 3.68 0.002 0.00016002639999999966 7.275410761707359e-05
28.5 1004.3 1.0 0.413447 4.32 0.002 -7.45758399999998e-05 8.748115218387635e-05
29.5 999.98 1.0 0.406849 4.577 0.002 7.605683300000005e-05 8.864320382208735e-05
0.5 1046.3 1.0 0.601084 0.1 0.002 6.01084e-05 6.010838603793057e-05
1.5 1046.2 1.0 0.601084 0.2 0.002 6.01084e-05 6.010838603793057e-05
2.5 1046.0 1.0 0.601084 0.3 0.002 6.010839999999999e-05 6.010838603793057e-05
3.5 1045.7 1.0 0.601084 0.4 0.002 6.0108400000000016e-05 6.010838603793057e-05
4.5 1045.3 1.0 0.601084 0.5 0.002 6.010839999999999e-05 6.010838603793057e-05
5.5 1044.8 1.0 0.601084 0.6 0.002 6.010839999999999e-05 6.010838603793057e-05
6.5 1044.2 1.0 0.601084 0.7 0.002 6.010839999999999e-05 6.010838603793057e-05
7.5 1043.5 1.0 0.601084 0.8 0.002 6.010840000000004e-05 6.010838603793057e-05
8.5 1042.7 1.0 0.601084 0.9 0.002 6.010840000000004e-05 6.010838603793057e-05
9.5 1041.8 1.0 0.601084 1.0 0.002 6.0108399999999934e-05 6.010838603793057e-05
10.5 1040.8 1.0 0.601084 1.1 0.002 6.010840000000004e-05 6.010838603793057e-05
11.5 1039.7 1.0 0.601084 1.2 0.002 6.0108399999999934e-05 6.010838603793057e-05
12.5 1038.5 1.0 0.601084 1.3 0.002 6.010840000000004e-05 6.010838603793057e-05
13.5 1037.2 1.0 0.601084 1.4 0.002 6.0108399999999934e-05 6.010838603793057e-05
14.5 1035.8 1.0 0.601084 1.5 0.002 6.010840000000004e-05 6.010838603793057e-05
15.5 1034.3 1.0 0.601084 1.6 0.002 6.010840000000004e-05 6.010838603793057e-05
16.5 1032.7 1.0 0.601084 1.7 0.002 6.0108399999999826e-05 6.010838603793057e-05
17.5 1031.0 1.0 0.601083 1.8 0.002 6.0106600000000296e-05 6.010850625482286e-05
18.5 1029.2 1.0 0.601088 1.9 0.002 6.011779999999978e-05 6.0107905172765734e-05
19.5 1027.3 1.0 0.60109 2.0 0.002 6.0112800000000025e-05 6.01076647416259e-05
20.5 1025.3 1.0 0.601196 2.1 0.002 6.033159999999983e-05 6.009492326734468e-05
21.5 1023.2 1.0 0.600236 2.2 0.002 5.8007600000000315e-05 6.021041635790544e-05
22.5 1021.0 1.0 0.604068 2.29 0.002 6.279652000000004e-05 5.975072750467984e-05
23.5 1018.71 1.0 0.60086 2.4 0.002 5.874827999999971e-05 6.0135320627773205e-05
24.5 1016.31 1.0 0.601555 2.52 0.002 7.385459999999992e-05 6.005179059891969e-05
25.5 1013.79 1.0 0.590143 2.74 0.002 0.00010107322000000034 6.143817388955583e-05
26.5 1011.05 1.0 0.551744 3.08 0.002 8.237970000000007e-05 6.634241037694039e-05
27.5 1007.97 1.0 0.50752 3.68 0.002 0.00016830208000000006 7.247758680504302e-05
28.5 1004.29 1.0 0.415024 4.319 0.002 -7.518494400000019e-05 8.720567129162258e-05
29.5 999.971 1.0 0.40685 4.578 0.002 7.007064400000001e-05 8.864302653585699e-05
0.5 1046.29 1.0 0.601084 0.1 0.002 6.01084e-05 6.010838603793057e-05
1.5 1046.19 1.0 0.601084 0.2 0.002 6.01084e-05 6.010838603793057e-05
2.5 1045.99 1.0 0.601084 0.3 0.002 6.010839999999999e-05 6.010838603793057e-05
3.5 1045.69 1.0 0.601084 0.4 0.002 6.0108400000000016e-05 6.010838603793057e-05
4.5 1045.29 1.0 0.601084 0.5 0.002 6.010839999999999e-05 6.010838603793057e-05
5.5 1044.79 1.0 0.601084 0.6 0.002 6.010839999999999e-05 6.010838603793057e-05
6.5 1044.19 1.0 0.601084 0.7 0.002 6.010839999999999e-05 6.010838603793057e-05
7.5 1043.49 1.0 0.601084 0.8 0.002 6.010840000000004e-05 6.010838603793057e-05
8.5 1042.69 1.0 0.601084 0.9 0.002 6.010840000000004e-05 6.010838603793057e-05
9.5 1041.79 1.0 0.601084 1.0 0.002 6.0108399999999934e-05 6.010838603793057e-05
10.5 1040.79 1.0 0.601084 1.1 0.002 6.010840000000004e-05 6.010838603793057e-05
11.5 1039.69 1.0 0.601084 1.2 0.002 6.0108399999999934e-05 6.010838603793057e-05
12.5 1038.49 1.0 0.601084 1.3 0.002 6.010840000000004e-05 6.010838603793057e-05
13.5 1037.19 1.0 0.601084 1.4 0.002 6.0108399999999934e-05 6.010838603793057e-05
14.5 1035.79 1.0 0.601084 1.5 0.002 6.010840000000004e-05 6.010838603793057e-05
15.5 1034.29 1.0 0.601084 1.6 0.002 6.010840000000004e-05 6.010838603793057e-05
16.5 1032.69 1.0 0.601084 1.7 0.002 6.0108399999999826e-05 6.010838603793057e-05
17.5 1030.99 1.0 0.601082 1.8 0.002 6.010480000000033e-05 6.0108626471955584e-05
18.5 1029.19 1.0 0.601088 1.9 0.002 6.011959999999974e-05 6.0107905172765734e-05
19.5 1027.29 1.0 0.601085 1.99 0.002 5.409195000000014e-05 6.010826582127872e-05
20.5 1025.3 1.0 0.601224 2.11 0.002 7.242348999999984e-05 6.009155804586879e-05
21.5 1023.19 1.0 0.600184 2.19 0.002 4.582032000000004e-05 6.0216678566835873e-05
22.5 1021.0 1.0 0.604101 2.3 0.002 7.502934000000005e-05 5.974678408679876e-05
23.5 1018.7 1.0 0.600954 2.4 0.002 5.2857300000000006e-05 6.012401625013997e-05
24.5 1016.3 1.0 0.601427 2.52 0.002 7.330644000000017e-05 6.0067165825258e-05
25.5 1013.78 1.0 0.590379 2.73 0.002 9.613862999999982e-05 6.140918191412441e-05
26.5 1011.05 1.0 0.551282 3.08 0.002 8.621389000000026e-05 6.640373909363237e-05
27.5 1007.97 1.0 0.508296 3.68 0.002 0.0001725807199999998 7.236518883370848e-05
28.5 1004.29 1.0 0.416784 4.327 0.002 -6.710491199999995e-05 8.689924695190726e-05
29.5 999.963 1.0 0.407454 4.58 0.002 6.271495199999984e-05 8.853601041055509e-05
0.5 1046.29 1.0 0.601084 0.1 0.002 6.01084e-05 6.010838603793057e-05
1.5 1046.19 1.0 0.601084 0.2 0.002 6.01084e-05 6.010838603793057e-05
2.5 1045.99 1.0 0.601084 0.3 0.002 6.010839999999999e-05 6.010838603793057e-05
3.5 1045.69 1.0 0.601084 0.4 0.002 6.0108400000000016e-05 6.010838603793057e-05
4.5 1045.29 1.0 0.601084 0.5 0.002 6.010839999999999e-05 6.010838603793057e-05
5.5 1044.79 1.0 0.601084 0.6 0.002 6.010839999999999e-05 6.010838603793057e-05
6.5 1044.19 1.0 0.601084 0.7 0.002 6.010839999999999e-05 6.010838603793057e-05
7.5 1043.49 1.0 0.601084 0.8 0.002 6.010840000000004e-05 6.010838603793057e-05
8.5 1042.69 1.0 0.601084 0.9 0.002 6.010840000000004e-05 6.010838603793057e-05
9.5 1041.79 1.0 0.601084 1.0 0.002 6.0108399999999934e-05 6.010838603793057e-05
10.5 1040.79 1.0 0.601084 1.1 0.002 6.010840000000004e-05 6.010838603793057e-05
11.5 1039.69 1.0 0.601084 1.2 0.002 6.0108399999999934e-05 6.010838603793057e-05
12.5 1038.49 1.0 0.601084 1.3 0.002 6.010840000000004e-05 6.010838603793057e-05
13.5 1037.19 1.0 0.601084 1.4 0.002 6.0108399999999934e-05 6.010838603793057e-05
14.5 1035.79 1.0 0.601084 1.5 0.002 6.010840000000004e-05 6.010838603793057e-05
15.5 1034.29 1.0 0.601084 1.6 0.002 6.010840000000004e-05 6.010838603793057e-05
16.5 1032.69 1.0 0.601084 1.7 0.002 6.0108399999999826e-05 6.010838603793057e-05
17.5 1030.99 1.0 0.601082 1.8 0.002 6.010480000000033e-05 6.0108626471955584e-05
18.5 1029.19 1.0 0.601089 1.9 0.002 6.012149999999974e-05 6.010778495707561e-05
19.5 1027.29 1.0 0.601079 2.0 0.002 6.0088900000000115e-05 6.010898712479638e-05
20.5 1025.29 1.0 0.601246 2.1 0.002 6.0458599999999984e-05 6.0088914075482546e-05
21.5 1023.19 1.0 0.600156 2.2 0.002 5.772660000000012e-05 6.022005079525713e-05
22.5 1020.99 1.0 0.604096 2.29 0.002 6.303663999999965e-05 5.974738155762697e-05
23.5 1018.7 1.0 0.601047 2.4 0.002 5.913296000000022e-05 6.011283422307819e-05
24.5 1016.3 1.0 0.601323 2.52 0.002 7.282116000000027e-05 6.007966109521268e-05
25.5 1013.78 1.0 0.590542 2.74 0.002 0.00010275111999999984 6.138916578362696e-05
26.5 1011.04 1.0 0.550933 3.08 0.002 7.878855999999992e-05 6.645010508336767e-05
27.5 1007.96 1.0 0.508273 3.68 0.002 0.00017357099999999975 7.236851770895837e-05
28.5 1004.28 1.0 0.418141 4.325 0.002 -6.198481499999973e-05 8.666372214740843e-05
29.5 999.955 1.0 0.408298 4.582 0.002 6.236161100000009e-05 8.838668768881521e-05
0.5 1046.28 1.0 0.601084 0.1 0.002 6.01084e-05 6.010838603793057e-05
1.5 1046.18 1.0 0.601084 0.2 0.002 6.01084e-05 6.010838603793057e-05
2.5 1045.98 1.0 0.601084 0.3 0.002 6.010839999999999e-05 6.010838603793057e-05
3.5 1045.68 1.0 0.601084 0.4 0.002 6.0108400000000016e-05 6.010838603793057e-05
4.5 1045.28 1.0 0.601084 0.5 0.002 6.010839999999999e-05 6.010838603793057e-05
5.5 1044.78 1.0 0.601084 0.6 0.002 6.010839999999999e-05 6.010838603793057e-05
6.5 1044.18 1.0 0.601084 0.7 0.002 6.010839999999999e-05 6.010838603793057e-05
7.5 1043.48 1.0 0.601084 0.8 0.002 6.010840000000004e-05 6.010838603793057e-05
8.5 1042.68 1.0 0.601084 0.9 0.002 6.010840000000004e-05 6.010838603793057e-05
9.5 1041.78 1.0 0.601084 1.0 0.002 6.0108399999999934e-05 6.010838603793057e-05
10.5 1040.78 1.0 0.601084 1.1 0.002 6.010840000000004e-05 6.010838603793057e-05
11.5 1039.68 1.0 0.601084 1.2 0.002 6.0108399999999934e-05 6.010838603793057e-05
12.5 1038.48 1.0 0.601084 1.3 0.002 6.010840000000004e-05 6.010838603793057e-05
13.5 1037.18 1.0 0.601084 1.4 0.002 6.0108399999999934e-05 6.010838603793057e-05
14.5 1035.78 1.0 0.601084 1.5 0.002 6.010840000000004e-05 6.010838603793057e-05
15.5 1034.28 1.0 0.601084 1.6 0.002 6.010840000000004e-05 6.010838603793057e-05
16.5 1032.68 1.0 0.601084 1.7 0.002 6.0108399999999826e-05 6.010838603793057e-05
17.5 1030.98 1.0 0.601082 1.8 0.002 6.010480000000033e-05 6.0108626471955584e-05
18.5 1029.18 1.0 0.601089 1.9 0.002 6.012149999999974e-05 6.010778495707561e-05
19.5 1027.28 1.0 0.601074 2.0 0.002 6.0078900000000175e-05 6.010958821767309e-05
20.5 1025.28 1.0 0.60126 2.1 0.002 6.0497999999999975e-05 6.008723160944306e-05
21.5 1023.18 1.0 0.600149 2.19 0.002 5.1680309999999974e-05 6.022089388186985e-05
22.5 1020.99 1.0 0.604069 2.3 0.002 7.503238999999979e-05 5.9750608003344335e-05
23.5 1018.69 1.0 0.601126 2.4 0.002 5.334370000000042e-05 6.0103337145559826e-05
24.5 1016.29 1.0 0.601242 2.52 0.002 7.242743999999988e-05 6.008939478871799e-05
25.5 1013.77 1.0 0.590634 2.74 0.002 0.00010320732000000015 6.137787121625484e-05
26.5 1011.03 1.0 0.550754 3.08 0.002 7.798515999999961e-05 6.647389847975136e-05
27.5 1007.95 1.0 0.507834 3.68 0.002 0.00017250680000000006 7.243208516953843e-05
28.5 1004.27 1.0 0.418916 4.324 0.002 -5.743633599999986e-05 8.652949742910954e-05
29.5 999.946 1.0 0.40906 4.583 0.002 6.332919599999986e-05 8.825208896705475e-05
0.5 1046.28 1.0 0.601084 0.1 0.002 6.01084e-05 6.010838603793057e-05
1.5 1046.18 1.0 0.601084 0.2 0.002 6.01084e-05 6.010838603793057e-05
2.5 1045.98 1.0 0.601084 0.3 0.002 6.010839999999999e-05 6.010838603793057e-05
3.5 1045.68 1.0 0.601084 0.4 0.002 6.0108400000000016e-05 6.010838603793057e-05
4.5 1045.28 1.0 0.601084 0.5 0.002 6.010839999999999e-05 6.010838603793057e-05
5.5 1044.78 1.0 0.601084 0.6 0.002 6.010839999999999e-05 6.010838603793057e-05
6.5 1044.18 1.0 0.601084 0.7 0.002 6.010839999999999e-05 6.010838603793057e-05
7.5 1043.48 1.0 0.601084 0.8 0.002 6.010840000000004e-05 6.010838603793057e-05
8.5 1042.68 1.0 0.601084 0.9 0.002 6.010840000000004e-05 6.010838603793057e-05
9.5 1041.78 1.0 0.601084 1.0 0.002 6.0108399999999934e-05 6.010838603793057e-05
10.5 1040.78 1.0 0.601084 1.1 0.002 6.010840000000004e-05 6.010838603793057e-05
11.5 1039.68 1.0 0.601084 1.2 0.002 6.0108399999999934e-05 6.010838603793057e-05
12.5 1038.48 1.0 0.601084 1.3 0.002 6.010840000000004e-05 6.010838603793057e-05
13.5 1037.18 1.0 0.601084 1.4 0.002 6.0108399999999934e-05 6.010838603793057e-05
14.5 1035.78 1.0 0.601084 1.5 0.002 6.010840000000004e-05 6.010838603793057e-05
15.5 1034.28 1.0 0.601084 1.6 0.002 6.010840000000004e-05 6.010838603793057e-05
16.5 1032.68 1.0 0.601084 1.7 0.002 6.0108399999999826e-05 6.010838603793057e-05
17.5 1030.98 1.0 0.601082 1.8 0.002 6.010480000000033e-05 6.0108626471955584e-05
18.5 1029.18 1.0 0.60109 1.9 0.002 6.012339999999974e-05 6.01076647416259e-05
19.5 1027.28 1.0 0.60107 2.0 0.002 6.006900000000005e-05 6.011006909630235e-05
20.5 1025.28 1.0 0.601268 2.1 0.002 6.052280000000019e-05 6.008627022142843e-05
21.5 1023.18 1.0 0.600156 2.2 0.002 5.768039999999998e-05 6.022005079525713e-05
22.5 1020.98 1.0 0.604034 2.29 0.002 6.289465999999972e-05 5.975479069229698e-05
23.5 1018.69 1.0 0.601187 2.4 0.002 5.961094000000002e-05 6.0096004985698915e-05
24.5 1016.29 1.0 0.601183 2.52 0.002 7.213236000000022e-05 6.009648575566188e-05
25.5 1013.77 1.0 0.590658 2.75 0.002 0.00010932833999999984 6.137492514914262e-05
26.5 1011.02 1.0 0.550728 3.08 0.002 7.193274000000011e-05 6.647735521234656e-05
27.5 1007.94 1.0 0.507281 3.68 0.002 0.0001705518399999998 7.251223937283975e-05
28.5 1004.26 1.0 0.419195 4.322 0.002 -5.503329000000005e-05 8.648122743812404e-05
29.5 999.938 1.0 0.409569 4.585 0.002 6.611307500000037e-05 8.816229405385181e-05
